8.94
38.9
19.7
15.7
8.84
7.21
24.2
35
20.8
7.16
24.6
28.3
6.1
31.1
5.54
28.1
29.8
27.3
4.4
4.66
5.54
28.8
4.93
30.5
25.9
9.17
26.9
5.13
25.9
27.8
25.4
27.2
6.96
11.7
24.3
24.3
15.8
24.7
9.2
22.2
22
16.8
23.8
11.6
20.6
20.4
17.9
22.1
15.5
19.4
17
13.8
13.1
16.8
17.1
19.3
17.7
20.5
15.4
22
18.3
15.5
18.5
20
22.6
21.3
12.2
20.9
22.2
18.4
21.7
20.9
9.5
19.9
21.4
18.8
23.8
21.9
22.3
10.1
21.9
21.1
25.7
19.2
7.88
21.5
21.2
23.2
22.3
7.02
23.2
21
20
25.1
6.2
21.1
19.3
23.9
7.22
25.5
17.3
15.4
18.8
7.17
19.8
23
20.1
20.5
6.77
23.7
24.7
19.1
21.9
7.24
21.2
21.9
22
22.9
6.13
22.9
19.6
6.99
26.6
19
23.3
19.7
8.44
24.1
19.4
23.9
19.8
21
23
22.4
9.53
19.1
23
21.1
10.5
20.5
24.9
12.4
18.3
19.9
20.5
19.4
17.6
25.9
18.9
13.3
14.4
12
16.4
21.3
14.1
19.6
24.2
14.2
20.5
16.7
21.7
20.2
14.8
15.2
22.9
16.1
23.7
21
16.2
18.5
20.8
18.4
17.4
19.9
19.2
20.3
18.9
19.8
19.4
16.7
19
19.9
17.9
19
18.1
18.7
19.9
19.3
19.5
19
19.3
19.4
19.9
18.5
18.7
18.7
19.8
18.7
19.6
18.9
15.3
16.2
15.7
15.6
15.8
20.2
17.2
18.6
17.6
20.1
18.5
18
17.3
21.3
20.8
24.5
18.8
19.4
15.4
17.3
24.6
18.7
17.9
16.2
16.9
13.8
20.4
19.2
18.8
23.3
18.7
12.5
25
17.3
21.9
19.9
25.7
17.5
18.1
14.3
17.6
16
19.9
22.8
18.9
20
22.4
19.2
17.4
17.1
19.5
19.3
18.7
16.4
16.3
20.8
20.8
18.5
12.7
20.9
