0.040166435,0.040166435
0.040630467,0.000464032
0.081926627,0.040126898
0.081939833,0.040124713
0.081942890,0.040115065
0.083116050,0.041085676
0.084363943,0.042316828
0.085577431,0.043419566
0.086781863,0.044496156
0.088010783,0.045608205
0.089235128,0.046771348
0.090426227,0.047730110
0.122530444,0.040110260
0.125340908,0.040074072
0.125349993,0.040074182
0.128122857,0.040065857
0.128131449,0.040067188
0.130946079,0.040065808
0.130954333,0.040058658
0.133790903,0.040073600
0.133799829,0.040069468
0.136652683,0.040069477
0.136659463,0.040064539
0.139467460,0.040069453
0.139474217,0.040062563
0.142369578,0.040160797
0.142382747,0.040164687
0.145134795,0.040064509
0.145143204,0.040059612
0.147976397,0.040068782
0.147985710,0.040066506
0.150846874,0.040070131
0.162934505,0.040091960
0.164334323,0.040073246
0.165725975,0.040105729
0.167188855,0.040095812
0.167202137,0.040099381
0.169917625,0.040084094
0.169929938,0.040085754
0.172690913,0.040081416
0.172704176,0.040082251
0.175430627,0.040070380
0.175438984,0.040064144
0.178179536,0.040115971
0.178187495,0.040112575
0.180907818,0.040084130
0.180915564,0.040081744
0.183676877,0.040093590
0.183691529,0.040095878
0.187057227,0.040812796
0.187065177,0.040809285
0.188813677,0.040074423
0.188820367,0.040072780
0.191131014,0.040080664
0.191248462,0.040189441
0.193435087,0.040073000
0.193641586,0.040269635
0.195798483,0.040066041
0.196017692,0.040272010
0.198112901,0.040065702
0.198448999,0.040382298
0.200364825,0.040063272
0.200955206,0.040639378
0.202736129,0.040126404
0.203281279,0.040658408
0.204953471,0.040070730
0.205708539,0.040813448
0.206958824,0.040675442
0.208130934,0.041833705
0.209390041,0.041719532
0.210572296,0.042886293
0.211765321,0.042728466
0.214183743,0.043760017
0.215422277,0.044981797
0.217849327,0.046113605
0.220254897,0.047183805
0.224587933,0.050257918
0.225108118,0.049505850
0.227550600,0.050640165
0.229963375,0.051760629
0.232377838,0.052867155
0.234817175,0.054031517
0.237282178,0.055198654
0.239650082,0.056260921
0.242080425,0.057417598
0.244494192,0.058538989
0.246921984,0.059669618
0.249343527,0.060813549
0.251749402,0.061887563
0.254172643,0.063060651
0.256606413,0.064212279
0.259021310,0.065296252
0.261453154,0.066468970
0.263860313,0.067698352
0.266291930,0.068932035
0.268701729,0.070139357
0.271132792,0.071405143
0.273589368,0.072714776
0.275966038,0.073933728
0.278383512,0.075220320
0.280804496,0.076512012
0.283217365,0.077816921
0.285653060,0.079128413
0.288079181,0.080466022
0.290505115,0.082015839
0.292926091,0.083550004
0.297544382,0.087333652
0.297560996,0.087332757
0.297563506,0.086450491
0.300078776,0.088955335
0.300098962,0.088125738
0.300208644,0.088213901
0.301416846,0.088583126
0.302624202,0.089768782
0.303826340,0.090126370
0.305036386,0.091323945
0.306259548,0.091673900
0.307465094,0.092841335
0.308668641,0.093224852
0.309882714,0.094426741
0.311118406,0.094790984
0.312312408,0.095962711
0.313519774,0.096309594
0.314724979,0.097499094
0.315934585,0.097846671
0.317146810,0.099037419
0.318348242,0.099418754
0.319562054,0.100609433
0.320764847,0.100258901
0.322022242,0.101499154
0.323189525,0.102229398
0.324394478,0.103418105
0.325609537,0.100687108
0.326827904,0.101892316
0.328030098,0.102663816
0.329258442,0.103875510
0.330450608,0.104213835
0.331684219,0.105425182
0.332909089,0.105790007
0.334091732,0.106957114
0.335335310,0.107367768
0.336552131,0.108561760
0.337741406,0.108899056
0.338937673,0.110072136
0.340156042,0.109968010
0.341367255,0.111161472
0.342568657,0.111932422
0.343782907,0.113125010
0.344996248,0.112326113
0.346199261,0.113508948
0.347421538,0.114285622
0.348626856,0.115468361
0.349839054,0.114726151
0.351090121,0.115959458
0.352276039,0.116703921
0.353485894,0.117894902
0.354735885,0.117145291
0.355931768,0.118319979
0.357117635,0.117178029
0.358310981,0.118349611
0.359543656,0.117165802
0.363354155,0.120954467
0.363365559,0.120539721
0.363368467,0.120524968
0.364365848,0.119589484
0.365618867,0.120827654
0.366809997,0.119632941
0.368009083,0.120815116
0.369214485,0.119621530
0.370428235,0.120815584
0.371637054,0.121597470
0.372850750,0.122794008
0.374066884,0.122102452
0.375273248,0.123296549
0.376483526,0.122034121
0.377699346,0.123238219
0.378913270,0.121969390
0.380128806,0.123168346
0.381425879,0.122119407
0.382587718,0.123270353
0.383780658,0.122103501
0.385035345,0.123347264
0.386167514,0.121943379
0.387383992,0.123149866
0.388587717,0.122012104
0.389809175,0.123218869
0.391008398,0.121962712
0.392239509,0.123181593
0.394655927,0.123153759
0.397066581,0.123218259
0.399493380,0.123277152
0.401932129,0.123238363
0.404376254,0.123239263
0.406768479,0.123206860
0.409180967,0.123175143
0.411598233,0.123109554
0.414022389,0.123077580
0.416443174,0.123135174
0.418865001,0.120934265
0.420102906,0.121729501
0.421292898,0.120768884
0.422544274,0.121568292
0.423712107,0.122726385
0.424924448,0.123076117
0.426136647,0.123285335
0.427345731,0.123323083
0.428586845,0.123340724
0.429770601,0.123294976
0.430978625,0.123295380
0.432217883,0.123321096
0.433401822,0.123302022
0.434613473,0.123284186
0.435822951,0.123252407
0.437036757,0.123316888
0.438249369,0.123306232
0.439532281,0.123390933
0.440712933,0.123363559
0.441884117,0.123333363
0.443095728,0.123344881
0.444300161,0.123342435
0.445516081,0.123304761
0.446723899,0.123317821
0.447937117,0.123345395
0.449147360,0.123322375
0.450359559,0.123310004
0.451568175,0.123332403
0.452779451,0.123310599
0.453991580,0.123256223
0.455201917,0.123245898
0.456412643,0.123273430
0.457625870,0.123270041
0.458914863,0.123279711
0.460058086,0.123213653
0.461259594,0.123238215
0.462469872,0.123233133
0.463679611,0.123224485
0.464893035,0.123246829
0.466104764,0.123258360
0.467326218,0.123291771
0.468530557,0.123295249
0.469824402,0.123379458
0.470947883,0.123313159
0.472158347,0.123324901
0.473377308,0.123318067
0.474582282,0.123281137
0.475793619,0.123305738
0.479679834,0.125991139
0.479700905,0.124741331
0.479703488,0.123552660
0.480641160,0.123319008
0.481856279,0.123269345
0.483060391,0.123267000
0.484269977,0.120676537
0.485484477,0.121454910
0.486695129,0.122656049
0.487904530,0.123046749
0.489117133,0.123271486
0.490326889,0.123311125
0.491537949,0.123311339
0.492755300,0.123335735
0.493963097,0.123342237
0.495186279,0.123342177
0.496396570,0.123345308
0.497612815,0.123336320
0.498817856,0.123336460
0.500054468,0.123377886
0.501238707,0.123351599
0.502445683,0.123329510
0.503652642,0.123323979
0.504870435,0.123233539
0.506076401,0.123282003
0.507285148,0.123241632
0.509708512,0.123331665
0.512144070,0.123361147
0.514596706,0.123393584
0.517003308,0.122131896
0.519422994,0.122095173
0.521845791,0.121997277
0.524260605,0.121934788
0.526680537,0.121941600
0.529099377,0.122013725
0.531573988,0.122058591
0.534002778,0.121947237
0.536393937,0.121996986
0.538815717,0.122032406
0.541231005,0.121981508
0.543640696,0.123123100
0.549386236,0.126550087
0.549394839,0.124186858
0.550918031,0.123341289
0.553344342,0.123336333
0.555772652,0.123322857
0.558158024,0.123316095
0.560579967,0.123322643
0.563016498,0.123252582
0.565427051,0.123298591
0.567846409,0.123306871
0.570267889,0.123320612
0.572686461,0.123331875
0.575126944,0.123348289
0.577537026,0.123332066
0.579967371,0.123301893
0.582389032,0.123247874
0.584810521,0.123317374
0.587223177,0.123303297
0.589671959,0.123309227
0.592067740,0.123301479
0.594498078,0.123320779
0.596925318,0.123283544
0.599347066,0.123328495
0.601766090,0.121309595
0.604179957,0.122900763
0.606602617,0.123335312
0.609024179,0.123311756
0.611447520,0.123305584
0.613869469,0.123291665
0.616292082,0.123317685
0.618720642,0.123291017
0.621140882,0.123303547
0.623558890,0.123257905
0.625986709,0.123291938
0.628406892,0.123304523
0.630856918,0.123355881
0.633416513,0.123019774
0.635686318,0.122917431
0.638103036,0.122866382
0.640531810,0.122876853
0.642960057,0.122843175
0.645386095,0.122844324
0.647794733,0.122842961
0.650212447,0.122799398
0.652650754,0.122888074
0.655105529,0.122867568
0.657511003,0.122852918
0.659930685,0.118272286
0.662373922,0.113687326
0.664788615,0.109125268
0.667181671,0.104510968
0.669610707,0.099990403
0.672019960,0.095381927
0.674445814,0.090891258
0.676866506,0.086340726
0.679278098,0.081843682
0.681712298,0.077297114
0.684182996,0.072794369
0.686556041,0.068224864
0.688979244,0.063674005
0.691455331,0.059154914
0.693848559,0.054554734
0.696246066,0.050034962
0.698676855,0.045481776
0.701101810,0.040906777
0.703508952,0.041386256
0.705945589,0.041839661
0.708362274,0.042390024
0.710777154,0.042913574
0.713210286,0.043474549
0.715621353,0.043962468
0.718042648,0.044460248
0.720458382,0.044962935
0.722877579,0.045487186
0.725297900,0.045997301
0.728389284,0.047166101
0.730172098,0.047020631
0.732572614,0.047516354
0.734995784,0.048015103
0.737417959,0.048517267
0.739862941,0.049049036
0.742256581,0.049520320
0.744680747,0.050013709
0.747103755,0.050492998
0.749536515,0.051001574
0.751961889,0.051509477
0.754394114,0.050732094
0.756810042,0.049888394
0.759234407,0.049112584
0.761670203,0.048377863
0.764078169,0.047556906
0.766510970,0.046813972
0.768925884,0.046038478
0.771372542,0.045268185
0.773771510,0.044514866
0.776196277,0.043706457
0.778621213,0.042984414
0.781042676,0.042213831
0.783462264,0.041450032
0.785888839,0.041494336
0.788308730,0.041515697
0.790733423,0.041517975
0.793164500,0.041536721
0.797595226,0.043638116
0.798064663,0.041706560
0.800487764,0.041741186
0.802880961,0.041772362
0.805279056,0.041761591
0.807730935,0.041799496
0.810137151,0.041810727
0.812606949,0.041879074
0.814969280,0.041875625
0.817380398,0.041897104
0.819801573,0.041933580
0.822237993,0.041945239
0.824645961,0.041958082
0.827068841,0.041982944
0.829594880,0.042055657
0.831917303,0.041973993
0.834337781,0.042059667
0.836758476,0.042076151
0.839196847,0.042085611
0.841651003,0.042186883
0.844031519,0.042138470
0.846448588,0.042198872
0.848869536,0.042196950
0.851292957,0.042211889
0.853727042,0.042210991
0.856142543,0.042269447
0.858567732,0.042251246
0.860981380,0.042330984
0.863404490,0.042379192
0.865822307,0.042393575
0.868248940,0.042427374
0.870675052,0.042445484
0.873134635,0.042433507
0.875517309,0.042504728
0.877937272,0.042485711
0.880358682,0.042545639
0.882784513,0.042581604
0.885212231,0.042573964
0.887626957,0.042623916
0.890048544,0.042654158
0.892495489,0.042702169
0.894889666,0.042700889
0.897311146,0.042687332
0.899732916,0.042747793
0.902156554,0.042753651
0.904592410,0.042819280
0.907002715,0.042827117
0.909432104,0.042834249
0.911857878,0.042873880
0.914255573,0.042881140
0.916673958,0.042912727
0.919096601,0.042922836
0.921594335,0.042981661
0.925594060,0.044647684
0.926386680,0.042873498
0.928808738,0.043085645
0.931231378,0.043106660
0.933650031,0.043068871
0.936072847,0.043147373
0.938496151,0.043167389
0.940919937,0.043215611
0.943365727,0.043257074
0.945772420,0.043226558
0.948184005,0.043272827
0.950607737,0.043259889
0.953028472,0.043213117
0.955449259,0.043288214
0.958004434,0.043440097
0.960379319,0.043424863
0.962797278,0.043400039
0.965215707,0.043391338
0.967644544,0.043448571
0.970065663,0.043480349
0.972491918,0.043609529
0.974911647,0.043593964
0.977334069,0.043586693
0.979763809,0.043574757
0.982179261,0.043614562
0.985335889,0.044395161
0.987023026,0.043686890
0.989443820,0.043706820
0.991868836,0.043762174
0.994288718,0.043742211
0.996714135,0.043745079
0.999133380,0.043732880
1.001671017,0.043895170
1.003978734,0.043815144
1.006503343,0.043895186
1.008858133,0.043871929
1.011246615,0.043877602
1.013666849,0.043905619
1.016093017,0.044006342
1.018521032,0.044049607
1.020943151,0.044135840
1.023364424,0.044164103
1.025780557,0.044179052
1.028419904,0.044402554
1.030624248,0.044227117
1.033051686,0.044270710
1.035471238,0.044775615
1.037889901,0.045274140
1.040316657,0.045748647
1.042733449,0.046306986
1.045172932,0.046738564
1.047578760,0.047159720
1.049987642,0.047656724
1.052416595,0.048166552
1.054823385,0.048689657
1.057246732,0.048839126
1.059682397,0.049715959
1.062108344,0.050180899
1.064512546,0.050721122
1.066976636,0.051281458
1.069361546,0.051797656
1.071796286,0.052332702
1.074219670,0.052834121
1.076626671,0.053333168
1.079055061,0.053833348
1.081475377,0.054253842
1.083894258,0.054729071
1.086332532,0.054080727
1.088741178,0.053258796
1.091194723,0.052459503
1.093623106,0.051678258
1.096019955,0.050878126
1.098442330,0.050085285
1.100862173,0.049279300
1.103289828,0.048552267
1.105727173,0.047789122
1.108122824,0.047022137
1.110563788,0.046315433
1.112983246,0.045582427
1.115419553,0.044794896
1.117811931,0.044813542
1.120231610,0.044815601
1.122676486,0.044850999
1.125081613,0.044820325
1.127504903,0.044891302
1.129949002,0.044919324
1.132351195,0.044894867
1.134776564,0.045002033
1.137200564,0.045030598
1.139611240,0.045057025
1.142064374,0.045059000
1.144466376,0.045023071
1.146906425,0.045084045
1.149346964,0.045111935
1.151752446,0.045031881
1.154148720,0.045034666
1.156572482,0.045084088
1.159018174,0.045145966
1.161426462,0.045094416
1.163853499,0.045076894
1.166278868,0.045119140
1.168688155,0.045101959
1.172738043,0.046765853
1.173542876,0.045142825
1.175978935,0.045140208
1.178386732,0.044842757
1.180798812,0.045213395
1.183229321,0.045235159
1.185656013,0.045250189
1.188072669,0.045247315
1.190496390,0.045256571
1.192929485,0.045271210
1.195333381,0.045233902
1.197762945,0.045214880
1.200175693,0.045237367
1.202594075,0.045244459
1.205035383,0.045262659
1.207443210,0.045245918
1.209869093,0.045269632
1.212288171,0.045230483
1.214703142,0.045303813
1.217125630,0.045231773
1.219548146,0.045298016
1.221974003,0.045324811
1.224394704,0.045275951
1.226818326,0.045306586
1.229239605,0.045305770
1.231659053,0.045317743
1.234084149,0.045320320
1.236505960,0.045339661
1.238927900,0.045350504
1.241360758,0.045367849
1.243775412,0.045409773
1.246194399,0.045364696
1.248622314,0.045384267
1.251041649,0.045400029
1.253475442,0.045407410
1.255888100,0.045397927
1.258362680,0.045492796
1.260730732,0.045447715
1.263165474,0.045462942
1.265659750,0.045579506
1.268027792,0.045478866
1.270457030,0.045555118
1.272843415,0.045529855
1.275278621,0.045513664
1.277711275,0.045582844
1.280109722,0.045526627
1.282544056,0.045517921
1.284969252,0.045519326
1.287391998,0.045465920
1.289802618,0.045458031
1.292228562,0.045507997
1.294661804,0.045506446
1.297079770,0.045530870
1.300784873,0.046832368
1.301922438,0.045634772
1.304335493,0.045518362
1.306755424,0.045637746
1.309180669,0.045534303
1.311613273,0.045549954
1.314041294,0.045629273
1.316456058,0.045681229
1.318888712,0.045612189
1.321298847,0.045721704
1.323722620,0.045697519
1.326137550,0.045711854
1.328569953,0.045740921
1.331000519,0.045726163
1.333401943,0.045648235
1.335840127,0.045671659
1.338259628,0.045717006
1.340674639,0.045701499
1.343102120,0.045788337
1.345594992,0.045859582
1.347949456,0.045757043
1.350404714,0.045687194
1.352825952,0.045680432
1.360079833,0.050530400
1.360090195,0.048120963
1.360205704,0.045901454
1.362503758,0.045747243
1.364920884,0.045709829
1.367341953,0.046187509
1.369761873,0.046664085
1.372233576,0.047224459
1.374607304,0.047698560
1.377030773,0.048246471
1.379451508,0.048705393
1.381873849,0.049216365
1.384293268,0.049646430
1.386719452,0.050219324
1.389143038,0.050690005
1.391682439,0.051369226
1.393985222,0.051687858
1.396405719,0.052089296
1.398831893,0.052704470
1.401252313,0.053167567
1.403675852,0.053641156
1.406095842,0.054055512
1.408521114,0.054617527
1.410944302,0.055080171
1.413366877,0.055618423
1.415787976,0.056025622
1.418210071,0.056551204
1.420633810,0.055698574
1.423055477,0.054916106
1.425486984,0.054129266
1.427900521,0.053409388
1.430322847,0.052717636
1.432746385,0.051791755
1.435167043,0.051045757
1.437644603,0.050313538
1.440039064,0.049524364
1.442437246,0.048707615
1.444857424,0.047949247
1.447281298,0.047111514
1.449695888,0.046302134
1.452124976,0.046315711
1.454540037,0.046324606
1.456970733,0.046333678
1.459392931,0.046361941
1.461814916,0.046374004
1.464236442,0.046378979
1.466659007,0.046288028
1.469069200,0.046394694
1.471497587,0.046321532
1.473905333,0.046350017
1.476331966,0.046349955
1.478750843,0.046402912
1.481174451,0.046381198
1.483593923,0.046389842
1.486017119,0.046366394
1.489594253,0.047569138
1.490883330,0.046400806
1.493299827,0.046443991
1.495729263,0.046391396
1.498150713,0.046402864
1.500570959,0.046403833
1.502993215,0.046415078
1.505415841,0.046417764
1.507841698,0.046429964
1.510262466,0.046432120
1.512742613,0.046500635
1.515106973,0.046454040
1.517594962,0.046588399
1.519950791,0.046517218
1.522373982,0.046583149
1.524795428,0.046554515
1.527215258,0.046530996
1.529674212,0.046565399
1.532061191,0.046531146
1.534531544,0.046572266
1.536936954,0.046572439
1.539359223,0.046590501
1.541785220,0.046596742
1.544201999,0.046640246
1.546633333,0.046666544
1.549010958,0.046604947
1.551522857,0.046726391
1.553917588,0.046675367
1.556354789,0.046751700
1.558795473,0.046816519
1.561190320,0.046708513
1.563619837,0.046731440
1.566015159,0.046727928
1.568429291,0.046693326
1.570840197,0.046707556
1.573338320,0.046759496
1.575709763,0.046781573
1.578173570,0.046845670
1.580547975,0.046823928
1.582963887,0.046801331
1.585350792,0.046747953
1.587778964,0.046781592
1.590196137,0.046773830
1.592624287,0.046804489
1.595046987,0.046813732
1.597462114,0.046711404
1.599891005,0.046746135
1.602309411,0.046793896
1.604708874,0.046727911
1.607132649,0.046664055
1.609555824,0.046661039
1.611981159,0.046576313
1.614398572,0.046618857
1.616820928,0.046593061
1.619242540,0.046615431
1.621667418,0.046605304
1.624092016,0.046589335
1.626520016,0.046585539
1.628934415,0.046514886
1.631354688,0.046486566
1.633779619,0.046475719
1.636199416,0.046437313
1.638622911,0.046435365
1.641062712,0.046439375
1.643467109,0.046406205
1.645893041,0.046390073
1.648311199,0.046385896
1.650740611,0.046380516
1.653455628,0.046662789
1.655580129,0.046334711
1.658005582,0.046315279
1.660425017,0.046315196
1.662860385,0.046311395
1.665275632,0.046284256
1.667690990,0.046307992
1.670115701,0.046247977
1.672536576,0.046237583
1.674978065,0.046146793
1.677399803,0.046150501
1.679812106,0.046178772
1.682227799,0.046121946
1.684650652,0.046095692
1.687074862,0.046042953
1.689497374,0.046086997
1.691916665,0.046012829
1.694354896,0.045997955
1.696765415,0.045995444
1.699185247,0.046462189
1.701619940,0.046946119
1.704048136,0.047447177
1.706457079,0.047939321
1.708876437,0.048393134
1.711296150,0.048802933
1.713719720,0.049291157
1.716156097,0.049815427
1.718595250,0.050279404
1.720992971,0.050719092
1.723420977,0.051196119
1.725847646,0.051654813
1.728267008,0.052174076
1.730676803,0.052627773
1.733510997,0.053511180
1.735558828,0.053669509
1.737976695,0.054197356
1.740391522,0.054659145
1.742810282,0.055135621
1.745233519,0.055599948
1.747644454,0.056071442
1.750077802,0.055255123
1.752501510,0.054392120
1.755012193,0.053698110
1.757346379,0.052754523
1.759747271,0.051913300
1.762174719,0.051117709
1.764617905,0.050313865
1.767018129,0.049459744
1.769440321,0.048643540
1.771854112,0.047795701
1.774275872,0.046955596
1.776700029,0.046194860
1.779129929,0.045282410
1.781546551,0.045303569
1.783965268,0.045280464
1.786389982,0.045294120
1.788810516,0.045224964
1.791239892,0.045226684
1.793658542,0.045203989
1.796079312,0.045184096
1.798512691,0.045185158
1.800924822,0.045161875
1.803345497,0.044769186
1.805771625,0.045084981
1.808189779,0.045068132
1.810613562,0.045078601
1.813036003,0.045062454
1.815461136,0.045046493
1.817882622,0.045047050
1.820312807,0.045027423
1.822726099,0.045019997
1.825160906,0.045009923
1.827569520,0.044991186
1.829994495,0.044991580
1.832415962,0.044972758
1.834836543,0.044961979
1.837266005,0.044974729
1.839682147,0.044954214
1.842105079,0.044945545
1.844526719,0.044933494
1.846951303,0.044919270
1.849372704,0.044939852
1.851804645,0.044926920
1.854216301,0.044891967
1.856668071,0.044914118
1.859074465,0.044882822
1.861499794,0.044887262
1.863913592,0.044860126
1.868503163,0.047011630
1.868760149,0.044850649
1.871190267,0.044832103
1.873612823,0.044832049
1.876042881,0.044820706
1.878463081,0.044861607
1.880884433,0.044817694
1.883441867,0.044905490
1.885764160,0.044823566
1.888140820,0.044770425
1.890568395,0.044769985
1.893014348,0.044789011
1.895417603,0.044793739
1.897852395,0.044749326
1.900272872,0.044773586
1.902696227,0.044737291
1.905099138,0.044789639
1.907527238,0.044783098
1.909941590,0.044796178
1.912358840,0.044780160
1.914781428,0.044742914
1.917205518,0.044743242
1.919630313,0.044739032
1.922048163,0.044736730
1.924475902,0.044754015
1.929593595,0.047444234
1.929603666,0.045026923
1.932126535,0.045099851
1.934181186,0.044754932
1.936605335,0.044699926
1.939028135,0.044729883
1.941449017,0.044688224
1.943869918,0.044667272
1.946293065,0.044692371
1.948716240,0.044654171
1.951138251,0.044670731
1.953644181,0.044763728
1.955982260,0.044662144
1.958418433,0.044665072
1.960951178,0.044692625
1.963327477,0.044625183
1.965751888,0.044644357
1.968171592,0.044621901
1.970597720,0.044630635
1.973017874,0.044611656
1.975440426,0.044590785
1.977862477,0.044594153
1.980285892,0.044588018
1.982709023,0.044564385
1.985129370,0.044561113
1.987552571,0.044550430
1.989971728,0.044553674
1.992397000,0.044505816
1.994843081,0.044562252
1.997260604,0.044518880
1.999663471,0.044483862
2.002086041,0.044514792
2.004509242,0.044542474
2.006929675,0.044446935
2.009352885,0.044484250
2.011776414,0.044484057
2.014200924,0.044439146
2.016720445,0.044564865
2.019044844,0.044394390
2.021461101,0.044393867
2.023884264,0.044454427
2.026306870,0.044858395
2.028730860,0.045371302
2.031151537,0.045861129
2.033647190,0.046434961
2.036000127,0.046850050
2.038418730,0.047306657
2.040835793,0.047811304
2.043248531,0.048280367
2.045668869,0.048743918
2.049609015,0.050752603
2.050538296,0.049739498
2.052956213,0.050090428
2.055381472,0.050617243
2.057801299,0.051080840
2.060225284,0.051577580
2.062644933,0.052047981
2.065065688,0.052596719
2.067492594,0.052854621
2.069977038,0.053518438
2.072332306,0.053817586
2.074754494,0.054393721
2.077175570,0.053533600
2.079606004,0.052721331
2.082048780,0.051939397
2.084465087,0.051101547
2.086915037,0.050316502
2.089293117,0.049440521
2.091715055,0.048599851
2.094135055,0.047800067
2.096564083,0.046988347
2.098977676,0.046141387
2.101403407,0.045346585
2.103829240,0.044526190
2.106249216,0.043711854
2.108672009,0.043690124
2.111094922,0.043672955
2.113593946,0.043748460
2.115939376,0.043655385
2.119234340,0.044541102
2.120784383,0.043647218
2.123206686,0.043586038
2.125646590,0.043628299
2.128050554,0.043613018
2.130549183,0.043679655
2.132894566,0.043582706
2.135319057,0.043584294
2.137741373,0.043581068
2.140166421,0.043588311
2.142604578,0.043572268
2.145004766,0.043544607
2.147426089,0.043528739
2.149849075,0.043521888
2.152270856,0.043510934
2.154692626,0.043503048
2.157115627,0.043489880
2.159559545,0.043500649
2.161948104,0.043453591
2.164375658,0.043472326
2.166804591,0.043484217
2.169229799,0.043525043
2.171642618,0.043502267
2.174067833,0.043470331
2.176485500,0.043468708
2.178940182,0.043455365
2.181329348,0.043462214
2.183761228,0.043433305
2.186196187,0.043463402
2.188638875,0.043482090
2.191049215,0.043447172
2.193471737,0.043424235
2.195894951,0.043377961
2.198326015,0.043408009
2.200720408,0.043398235
2.203150228,0.043361331
2.205577659,0.043404106
2.207989655,0.043373026
2.210408717,0.043325785
2.212819082,0.043340400
2.215257714,0.043341018
2.217689633,0.043276544
2.220096253,0.043293438
2.222528101,0.043226386
2.224959095,0.043293692
2.227364051,0.043260442
2.229788895,0.043161313
2.232211524,0.043270883
2.234636814,0.043266017
2.237053405,0.043275304
2.239459611,0.043266833
2.241894603,0.043178058
2.244329169,0.043213693
2.248217602,0.044669478
2.249157856,0.043163813
2.251588620,0.043196541
2.253991005,0.043142427
2.256413859,0.043131047
2.258840595,0.043108949
2.261261013,0.043146428
2.263684481,0.043087792
2.266104767,0.043115267
2.268528165,0.043119642
2.270953494,0.043127046
2.273370962,0.043001965
2.275794757,0.043108973
2.278510341,0.043372693
2.280655142,0.043100053
2.283089300,0.043101010
2.285489217,0.042965057
2.288004326,0.043122199
2.290439388,0.043117750
2.292754965,0.043009796
2.295175103,0.042985560
2.297611161,0.042908715
2.300030034,0.042912657
2.302452477,0.042925993
2.304871838,0.042879148
2.309181116,0.044749781
2.309734071,0.042814099
2.312142095,0.042861609
2.314578412,0.042842590
2.317004807,0.042830656
2.319425280,0.042764758
2.321865639,0.042823788
2.324274088,0.042747299
2.326692463,0.042774170
2.329116235,0.042722214
2.331586525,0.042719046
2.333957497,0.042686085
2.336366026,0.042667851
2.338785587,0.042627896
2.341199753,0.042586128
2.343634291,0.042599433
2.346058377,0.042574341
2.348529860,0.042660787
2.350900859,0.042535700
2.353333096,0.042550140
2.355745690,0.043012653
2.358168219,0.043488283
2.360598610,0.043963349
2.363009024,0.044429036
2.365434383,0.044903752
2.367859595,0.045375422
2.370275294,0.045848064
2.372699915,0.046287264
2.375185576,0.046844679
2.377573520,0.047241705
2.379981456,0.047717299
2.382424626,0.048207586
2.384867895,0.048695691
2.387253648,0.049095919
2.389676531,0.049608426
2.392085945,0.050091046
2.394526405,0.050573162
2.396929122,0.051024477
2.399349699,0.051455003
2.401773071,0.051963852
2.404185793,0.052421617
2.406602470,0.051503602
2.409029266,0.050712282
2.411459508,0.049879305
2.413871719,0.049060798
2.416294123,0.048228814
2.418732635,0.047368428
2.421141099,0.046543451
2.423558660,0.045721334
2.425985005,0.044897036
2.428414236,0.043989534
2.430827011,0.043131016
2.433250296,0.042324396
2.435707556,0.041526462
2.438932634,0.042324336
2.440547769,0.041509142
2.442975164,0.041501651
2.445426309,0.041508684
2.447856327,0.041536086
2.450214365,0.041459224
2.452645468,0.041464199
2.455058180,0.041365975
2.457483887,0.041413342
2.459901955,0.041362627
2.462406522,0.041405600
2.464785801,0.041335521
2.467220654,0.041324591
2.469597574,0.041307150
2.472013832,0.041306062
2.474448246,0.041292799
2.476861095,0.041188267
2.479304209,0.041233887
2.481701579,0.041200016
2.484150866,0.041249369
2.486571868,0.041185463
2.488978419,0.041161130
2.491412382,0.041115715
2.493819510,0.041111074
2.496257618,0.041148771
2.501604389,0.044071833
2.501618122,0.041585697
2.503520520,0.041027383
2.505952012,0.040985391
2.508503630,0.041117624
2.510806783,0.041012249
2.513229048,0.040957391
2.515644423,0.040994512
2.518063159,0.040982138
2.520491900,0.040967235
2.522918854,0.040927765
2.525342395,0.040906466
2.527755829,0.040901879
2.530172018,0.040900588
2.532592640,0.040849948
2.535015443,0.040846880
2.537436742,0.040825528
2.539860544,0.040803456
2.542280848,0.040785299
2.544703490,0.040756260
2.547133692,0.040760869
2.549644871,0.040787127
2.551971161,0.040684544
2.554389075,0.040680996
2.556815501,0.040665307
2.559238969,0.040606126
2.561659178,0.040630271
2.564074701,0.040598708
2.566504698,0.040574513
2.568929128,0.040578368
2.571350531,0.040579036
2.573775369,0.040532101
2.576194264,0.040519686
2.578617898,0.040505764
2.581040567,0.040468819
2.583463465,0.040431830
2.585883478,0.040445644
2.588310548,0.040422948
2.590731696,0.040431271
2.593151619,0.040404810
2.595575619,0.040383685
2.597994588,0.040370432
2.600426661,0.040328245
2.602840799,0.040296987
2.605261547,0.040298712
2.607688932,0.040290760
2.610112577,0.040279773
2.612529485,0.040251129
2.614953479,0.040232808
2.617376639,0.040200064
2.619781110,0.040131028
2.622200709,0.040167188
2.624632848,0.040147104
2.629635296,0.042713593
2.629645939,0.040251160
2.631912779,0.040109937
2.634334312,0.040070623
2.636870219,0.040112429
2.639292831,0.040100947
2.641766529,0.040107824
2.644183839,0.040076739
2.646613292,0.040081073
2.648996250,0.040080320
2.651459469,0.040079451
2.653878570,0.040083322
2.656314662,0.040091184
2.658766793,0.040077350
2.661198960,0.040082285
2.663637525,0.040077921
2.666125140,0.040120729
2.668560891,0.040108512
2.671024885,0.040082054
2.673748873,0.040077389
2.675861837,0.040074693
2.678315826,0.040102621
2.680751956,0.040077561
2.685076147,0.042473651
2.685298506,0.040791448
2.687641470,0.041107522
2.690070585,0.041582058
2.692477656,0.042040633
2.694906404,0.042551165
2.697327335,0.043017551
2.699773265,0.043498307
2.702175534,0.043929163
2.704625491,0.044439051
2.707015370,0.044891834
2.709437965,0.045363158
2.711859032,0.045791550
2.714293455,0.046283628
2.716700597,0.046733251
2.719133579,0.047220152
2.721591775,0.047720798
2.723964937,0.048139446
2.726398724,0.048634760
2.728821690,0.049125368
2.731237295,0.049536203
2.733689828,0.050020546
2.736073101,0.050468214
2.738497568,0.049623432
2.740915653,0.048771748
2.743337574,0.047974270
2.745760631,0.047147871
2.748181910,0.046349072
2.750604983,0.045564191
2.753026393,0.044691842
2.755448645,0.043893358
2.757871940,0.042997172
2.760298442,0.042213461
2.762697697,0.041358976
2.765122482,0.040545749
2.767544245,0.040558222
2.769967726,0.040589255
2.772385147,0.040579856
2.774809985,0.040611760
2.777231841,0.040612565
2.779657699,0.040586194
2.782083486,0.040645690
2.784499058,0.040640982
2.786920735,0.040654027
2.789345045,0.040618279
2.791765873,0.040658671
2.794188791,0.040645270
2.796609351,0.040666768
2.799036341,0.040237857
2.801488035,0.040696766
2.803879856,0.040631826
2.806372159,0.040733629
2.808727857,0.040687550
2.811163693,0.040707779
2.813596510,0.040754270
2.816010858,0.040759225
2.818460591,0.040792426
2.820836546,0.040701467
2.823255673,0.040685176
2.825679215,0.040726746
2.828119501,0.040626370
2.830591308,0.040782068
2.832972174,0.040754688
2.835420554,0.040787030
2.837809283,0.040743553
2.840221497,0.040745575
2.842649048,0.040772657
2.845073829,0.040775815
2.847488332,0.040728259
2.849936096,0.040764952
2.852357707,0.040793993
2.854770659,0.040798672
2.857175771,0.040815659
2.859599972,0.040453877
2.862029071,0.040809753
2.864463445,0.040844070
2.866884698,0.040816191
2.869284488,0.040834774
2.871707050,0.040522681
2.874127789,0.040813071
2.877709469,0.042006683
2.878984418,0.040858110
2.881410232,0.040917390
2.883829159,0.040880821
2.886252188,0.040888247
2.888674681,0.040924446
2.891097692,0.040950675
2.893512668,0.040940168
2.895945199,0.040960499
2.898374291,0.040988498
2.900843500,0.041008725
2.903567783,0.041334646
2.905654094,0.040982207
2.908060083,0.040979364
2.910487214,0.040991929
2.912897910,0.040974797
2.915312620,0.040953962
2.917736499,0.040978188
2.920171712,0.041032648
2.922598060,0.041041673
2.925009195,0.041014310
2.927431594,0.041008627
2.929846308,0.041012958
2.932277450,0.041066926
2.934696655,0.041052066
2.937133897,0.041053062
2.939559908,0.041073834
2.941967377,0.041080968
2.944377081,0.041081923
2.946818319,0.041110286
2.949223716,0.041077773
2.951646321,0.041094900
2.954066675,0.041113315
2.956521912,0.041132647
2.959053658,0.041266930
2.961411546,0.041168452
2.963834813,0.041149973
2.966260396,0.041203000
2.968738228,0.041288061
2.971111533,0.041229151
2.973525480,0.041198902
2.975947565,0.041239612
2.978389211,0.041237721
2.980788927,0.041215619
2.983210394,0.041232471
2.985636833,0.041242664
2.988057163,0.041276029
2.990482358,0.041287974
2.992913879,0.041297881
2.995343022,0.041324608
2.997748886,0.041261429
3.000170715,0.041279839
3.003929275,0.042635498
3.005114925,0.041422592
3.007438224,0.041341582
3.009873832,0.041351363
3.012280455,0.041299607
3.014799959,0.041456598
3.017173479,0.041885230
3.019550916,0.042358011
3.021987253,0.042852541
3.024415315,0.043368135
3.026835294,0.043684667
3.029258836,0.044317010
3.031668855,0.044802979
3.034099187,0.045310300
3.036520177,0.045776441
3.038948374,0.046285861
3.041362767,0.046728035
3.043807634,0.047278588
3.046252581,0.047751253
3.048647854,0.048219428
3.051066640,0.048740287
3.053595720,0.049342013
3.055926398,0.049737346
3.058347229,0.050234495
3.065599279,0.055529958
3.065610740,0.053633150
3.065729324,0.051804477
3.068047877,0.050812253
3.070454638,0.050103867
3.072873799,0.049240167
3.075292188,0.048399890
3.077721767,0.047621551
3.080142426,0.046841797
3.082575426,0.046036211
3.084983818,0.045230992
3.087405064,0.044447063
3.089879563,0.043697602
3.092247496,0.042835693
3.094716809,0.042090559
3.097090792,0.041239823
3.099512586,0.041257777
3.101936953,0.041277999
3.104356926,0.041346886
3.106780187,0.041396207
3.109203171,0.041410221
3.111624934,0.041440097
3.114075191,0.041518248
3.116494342,0.041542582
3.118930161,0.041591098
3.121399204,0.041696420
3.123835928,0.041732525
3.126232763,0.041793931
3.128661337,0.041783312
3.131005518,0.041764062
3.133554266,0.041922360
3.135850869,0.041822144
3.138271575,0.041850394
3.140698845,0.041864344
3.143116341,0.041927168
3.145597517,0.041957398
3.147963304,0.041921578
3.150387213,0.041930616
3.152812506,0.042057689
3.155236185,0.042111333
3.157648800,0.042144241
3.160074436,0.042197184
3.162498686,0.042206155
3.164943724,0.042209748
3.167354650,0.042319987
3.169776064,0.042287378
3.172204186,0.042369546
3.174649198,0.042435538
3.177039360,0.042377462
3.179456680,0.042471449
3.181876018,0.042444163
3.184297983,0.042456022
3.186725671,0.042489273
3.189140801,0.042504894
3.193594353,0.044533487
3.193987143,0.042614167
3.196417929,0.042684468
3.198838303,0.042715571
3.201259304,0.042698669
3.203677854,0.042788755
3.206103948,0.042810781
3.208538176,0.042870929
3.210960755,0.042867704
3.213381416,0.042813728
3.215811524,0.043012733
3.218212483,0.043044578
3.220629456,0.043027730
3.223056983,0.043091884
3.225485394,0.043064794
3.227900608,0.043152746
3.230335163,0.043236367
3.232739575,0.043244063
3.235168293,0.043254249
3.237644116,0.043290284
3.240011567,0.043371349
3.242433286,0.043333576
3.244855682,0.043369649
3.247280046,0.043420771
3.249701656,0.043431009
3.252884292,0.044196355
3.254547643,0.043433615
3.256969266,0.043549857
3.259392631,0.043632453
3.261812707,0.043634407
3.264235236,0.043645755
3.266656355,0.043659616
3.269079492,0.043745509
3.271510181,0.043822312
3.273937960,0.043802684
3.276358116,0.043868671
3.278773484,0.043888947
3.281290666,0.044060899
3.283698591,0.044075804
3.286134624,0.044093756
3.288473057,0.044041749
3.290907717,0.044119945
3.293355835,0.044165861
3.295727428,0.044124502
3.298148782,0.044177068
3.300569934,0.044209144
3.302992774,0.044171551
3.305415897,0.044320154
3.307838506,0.044334302
3.310260067,0.044322946
3.312681878,0.044302025
3.315090202,0.044377072
3.317522421,0.044460265
3.319932347,0.044477074
3.322354854,0.044512917
3.324792698,0.044554212
3.327207583,0.044544470
3.329624624,0.044671450
3.332045633,0.044693732
3.334464923,0.044719072
3.336907458,0.044734263
3.339310817,0.044707493
3.341736591,0.044782027
3.344149483,0.044771213
3.346623792,0.044856419
3.349003356,0.045333162
3.351423927,0.045804848
3.353841099,0.046428029
3.356287778,0.046979952
3.358696427,0.047474492
3.361114588,0.047990700
3.363534705,0.048496311
3.365954621,0.049002853
3.368403518,0.049544055
3.370820282,0.050054406
3.373240770,0.050569903
3.375694171,0.051084528
3.378075733,0.051500713
3.380490640,0.052085549
3.382999644,0.052681382
3.385332554,0.053104725
3.387791550,0.053643199
3.390215084,0.054138279
3.392626171,0.054618409
3.395059256,0.055164217
3.397471356,0.055717523
3.399877228,0.056192909
3.402311219,0.055439542
3.404710150,0.054579060
3.407163912,0.053831587
3.409570930,0.053044302
3.411989456,0.052368743
3.414461700,0.051639423
3.416824273,0.050820452
3.419260494,0.050066218
3.421671591,0.049290515
3.424104031,0.048501932
3.426538225,0.047756475
3.428974173,0.047046263
3.431383076,0.046306300
3.433904985,0.046420034
3.440277178,0.050441117
3.440284261,0.048034964
3.441085512,0.046384334
3.443491922,0.046491574
3.445913043,0.046476255
3.448330390,0.046576771
3.450762135,0.046596306
3.453170022,0.046505828
3.455587341,0.046664904
3.458006011,0.046697401
3.460425051,0.046729312
3.462887538,0.046774352
3.465276519,0.046737833
3.467696278,0.046790950
3.470149234,0.046888518
3.472541322,0.046890429
3.474965949,0.046938609
3.477395773,0.046955228
3.479820348,0.047040702
3.482239371,0.047074741
3.484661998,0.047094928
3.487094996,0.047142327
3.489499223,0.047086858
3.491922253,0.047176331
3.494380793,0.047243918
3.496765366,0.047227636
3.499216746,0.047293701
3.501610863,0.047366013
3.504058485,0.047372079
3.506483618,0.047353996
3.508888077,0.047415902
3.511313209,0.047503075
3.513719677,0.047506412
3.516141776,0.047555467
3.518569761,0.047605565
3.520985488,0.047654998
3.523419481,0.047690588
3.525834779,0.047723007
3.528275935,0.047726968
3.530694754,0.047802241
3.533100839,0.047839258
3.535518523,0.047839289
3.537943154,0.047883634
3.540366017,0.047896365
3.542788447,0.047933664
3.545227930,0.048008741
3.547636619,0.047927102
3.550070168,0.048036897
3.552484587,0.048092126
3.554906889,0.048117094
3.557328930,0.048187004
3.559773834,0.048246166
3.562177113,0.048282276
3.565398647,0.049074624
3.567039828,0.048297437
3.569472020,0.048395373
3.571887207,0.048435530
3.574300383,0.048453858
3.576722131,0.048428965
3.579144270,0.048487706
3.581568162,0.048573920
3.583974440,0.048496881
3.586404455,0.048556010
3.588832130,0.048585555
3.591257987,0.048638094
3.593673652,0.048683000
3.596107978,0.048711795
3.598527764,0.048760993
3.600968330,0.048824494
3.603359843,0.048816636
3.605840237,0.048964628
3.608196590,0.048930421
3.610626360,0.048988095
3.613055088,0.049013511
3.615476090,0.049054489
3.617903420,0.049057832
3.620325225,0.049072192
3.622744968,0.049078057
3.625157522,0.049055344
3.627582354,0.048991716
3.630016808,0.049095776
3.632453214,0.049047802
3.634864038,0.049075633
3.637291797,0.049035341
3.639858847,0.049164815
3.642182302,0.049047747
3.644587363,0.049060289
3.647008565,0.049054040
3.649397411,0.049022131
3.651819369,0.049079606
3.654241460,0.049055256
3.656667976,0.049076245
3.659089723,0.049053523
3.661595419,0.049074811
3.663943271,0.049081554
3.666399036,0.049114315
3.668791350,0.049086406
3.671195385,0.049089351
3.673645150,0.049108889
3.676043934,0.049086299
3.678463994,0.049063577
3.680894649,0.049001451
3.683312588,0.049526302
3.685731585,0.050024928
3.688155076,0.050461301
3.690577909,0.051057000
3.692998902,0.051530499
3.695421483,0.052024208
3.697843739,0.052527075
3.700263194,0.053045650
3.702686688,0.053549831
3.705113203,0.053999741
3.707534573,0.054502217
3.709955378,0.055006296
3.712380043,0.055573737
3.714800092,0.056046205
3.717224306,0.056549623
3.719644729,0.057024109
3.722081153,0.057532330
3.724574027,0.058115322
3.726908109,0.058514704
3.729330849,0.058997919
3.731759139,0.059508595
3.734179326,0.058713175
3.736620574,0.057942602
3.739034529,0.057140853
3.741453910,0.056254603
3.743918606,0.055520618
3.746308963,0.054740612
3.748744978,0.053945386
3.753593658,0.055676258
3.753719991,0.052578254
3.755977893,0.051592467
3.758616471,0.050854190
3.760874906,0.049952928
3.763250850,0.049056162
3.765669517,0.049124587
3.768094134,0.049104741
3.770517529,0.049106566
3.772939854,0.049189934
3.775360813,0.049219453
3.777783759,0.049206010
3.780205263,0.049245514
3.782629079,0.049251245
3.785050718,0.049333659
3.787473675,0.049374744
3.789895312,0.049385280
3.792315030,0.049401682
3.794767766,0.049435424
3.797167848,0.049445427
3.799586266,0.049428906
3.802007827,0.049420119
3.804437343,0.049396283
3.806858793,0.049428035
3.809275213,0.049372371
3.813563032,0.051234888
3.814120719,0.049419096
3.816545082,0.049384891
3.818963866,0.049370703
3.821402945,0.049502382
3.823810311,0.049522449
3.826239032,0.049578934
3.828654929,0.049562304
3.831084532,0.049597314
3.833593509,0.049703105
3.835923521,0.049629729
3.838349181,0.049655221
3.840765087,0.049670806
3.843189484,0.049688973
3.845645602,0.049707014
3.848030181,0.049657096
3.850454742,0.049708916
3.852923551,0.049711900
3.855305711,0.049652848
3.857730232,0.049633288
3.860158682,0.049698928
3.862569753,0.049663073
3.864986234,0.049724431
3.867391330,0.049723912
3.869852604,0.049700338
3.872271795,0.049747664
3.874697459,0.049811658
3.877129047,0.049856986
3.879546489,0.049890190
3.881930946,0.049880493
3.884348169,0.049895053
3.886784111,0.049847634
3.889230281,0.049873894
3.891625146,0.049871592
3.894045165,0.049831825
3.896472860,0.049887886
3.898896024,0.049913354
3.901313792,0.049893958
3.903739024,0.049913438
3.906157439,0.049911814
3.908571177,0.049927830
3.911001061,0.049918460
3.913415189,0.050031070
3.915844478,0.050043774
3.918267061,0.050047306
3.920715674,0.050071235
3.923135523,0.050089199
3.925551659,0.050102167
3.927955794,0.050108868
3.930384240,0.050132631
3.932793443,0.050070669
3.935227607,0.050144817
3.937648626,0.050130814
3.940081969,0.050190126
3.942487846,0.050099796
3.944919251,0.050150559
3.947342429,0.050200161
3.949753987,0.050183005
3.952181666,0.050242077
3.954625623,0.050259919
3.957022102,0.050255622
3.959439379,0.050261581
3.961863444,0.050167022
3.964345169,0.050285470
3.966733143,0.050239952
3.969145247,0.050282223
3.971657920,0.050460341
3.974078835,0.050497821
3.976479200,0.050411576
3.978902942,0.050434459
3.981321116,0.050429659
3.983743304,0.050441711
3.986165086,0.050518698
3.988587592,0.050480131
3.991007176,0.050483167
3.993432826,0.050495116
3.998367603,0.053008992
3.998374986,0.050539067
4.000697014,0.050589404
4.003119808,0.050574144
4.005546481,0.050592636
4.007965541,0.050615655
4.010391038,0.050684281
4.012877721,0.050733576
4.015235130,0.051166155
4.017660241,0.051683850
4.020078989,0.052164557
4.022501878,0.052655052
4.024922523,0.053159322
4.027344443,0.053643605
4.029770698,0.054087707
4.032187738,0.054636447
4.034619282,0.055075466
4.037034998,0.055611163
4.039457179,0.056129483
4.041893249,0.056631957
4.044300005,0.057125803
4.046723984,0.057574261
4.049160026,0.058104715
4.051568531,0.058599448
4.053992487,0.059075251
4.056415698,0.059598785
4.058848957,0.060103716
4.061258217,0.060589334
4.063703925,0.061081005
4.066104861,0.060291530
4.068527845,0.059331526
4.070961452,0.058700730
4.073369893,0.057801262
4.075796185,0.056956909
4.078217029,0.056196761
4.080637089,0.055398060
4.083079948,0.054631016
4.085491189,0.053811430
4.087904091,0.053013120
4.090328298,0.052241859
4.092748047,0.051416723
4.095170579,0.050632604
4.097595511,0.050692604
4.100015701,0.050713693
4.102439282,0.050715734
4.104860508,0.050727727
4.107285697,0.050763362
4.109711621,0.050774261
4.112127882,0.050834691
4.114558868,0.050884562
4.116975981,0.050855484
4.119398229,0.050859528
4.121824888,0.050894897
4.124239511,0.050921953
4.126664132,0.050787717
4.129537901,0.051398422
4.131510253,0.050996881
4.133950993,0.050989305
4.136374973,0.050977484
4.138797268,0.050970286
4.141206487,0.050995821
4.143639756,0.051009966
4.146046128,0.051108998
4.148468851,0.051102037
4.150888213,0.051062542
4.153642231,0.051495844
4.155744989,0.051132666
4.158156408,0.051161544
4.160579185,0.051134835
4.163001259,0.051147673
4.165425914,0.051125246
4.167852282,0.051126021
4.170285937,0.051123269
4.172708514,0.051151032
4.175126141,0.051160648
4.177595575,0.051280970
4.179961880,0.051248571
4.182385061,0.051185329
4.184804007,0.050964180
4.187235501,0.051275038
4.193595053,0.055249607
4.193606083,0.052863841
4.194668173,0.051495065
4.196942543,0.051295770
4.199393662,0.051301611
4.201872112,0.051392939
4.204231182,0.051400136
4.206638840,0.051339951
4.209071274,0.051415028
4.211473757,0.051400700
4.213896911,0.051420001
4.216324757,0.051427116
4.218751268,0.051464330
4.221163827,0.051469580
4.223585504,0.051466633
4.226007609,0.051477041
4.228427637,0.051486493
4.230851457,0.051509013
4.233273939,0.051596587
4.235704370,0.051543212
4.238118111,0.051571863
4.240541412,0.051541094
4.242962224,0.051449339
4.245385204,0.051434068
4.247809113,0.051465241
4.250229497,0.051458339
4.252652578,0.051486497
4.255090501,0.051467942
4.257593752,0.051582641
4.259919627,0.051443630
4.262343953,0.051392961
4.264763866,0.051386492
4.267187659,0.051369625
4.269643636,0.051332567
4.272032743,0.051295727
4.274453772,0.051383549
4.276877443,0.051339766
4.279301914,0.051304147
4.281722104,0.051322640
4.284150825,0.051271541
4.286572949,0.051263874
4.288990159,0.051307017
4.291408648,0.051293537
4.293835043,0.051283027
4.296257863,0.051247715
4.298776989,0.051386388
4.301086438,0.051271837
4.303505304,0.051252484
4.305948868,0.051292344
4.308371244,0.051328176
4.310772147,0.051269570
4.313197276,0.051331916
4.317609559,0.053306358
4.318055248,0.051330411
4.320479001,0.051310951
4.322903605,0.051220336
4.325324951,0.051280011
4.327763603,0.051290825
4.330169320,0.051258137
4.332601072,0.051263207
4.335023988,0.051246244
4.337438608,0.051283356
4.339860893,0.051242519
4.342358407,0.051332203
4.344701807,0.051732389
4.347127277,0.052230567
4.349645668,0.052820103
4.352039213,0.053247118
4.354396218,0.053665911
4.356816823,0.054145617
4.359240712,0.054613785
4.361683651,0.055124808
4.364082328,0.055548135
4.366510036,0.056052174
4.368928562,0.056519211
4.373593512,0.059252680
4.373765250,0.057429972
4.376196253,0.057950585
4.378620022,0.058452522
4.381067640,0.058901574
4.383641804,0.059565966
4.385884094,0.059827049
4.388308100,0.060331509
4.390730906,0.060839931
4.393152459,0.061306161
4.395575306,0.060402580
4.397996238,0.059615714
4.400419449,0.058804612
4.402844286,0.058037555
4.405263671,0.057212656
4.407688529,0.056433630
4.410112689,0.055608479
4.412527038,0.054804735
4.414948040,0.053951116
4.417373587,0.053152689
4.419794556,0.052295719
4.422216033,0.051437763
4.424637483,0.050652812
4.427061408,0.050568869
4.429484241,0.050594354
4.431887814,0.050610050
4.434309588,0.050474558
4.436729924,0.050533742
4.439150817,0.050529393
4.441581959,0.050472749
4.444002899,0.050508739
4.446428004,0.050550387
4.448893736,0.050557218
4.451270632,0.050474446
4.453689643,0.050460611
4.456108319,0.050446569
4.458538508,0.050457233
4.460955562,0.050496474
4.463375927,0.050403414
4.465800825,0.050399046
4.468221416,0.050464252
4.470645650,0.050319641
4.473067219,0.050426565
4.475490730,0.050365917
4.477913040,0.050423853
4.480334276,0.050358373
4.482769913,0.050504958
4.485187223,0.050453940
4.487601127,0.050464421
4.490026640,0.050479912
4.492454142,0.050539283
4.494886622,0.050518539
4.497299497,0.050374602
4.499710879,0.050433506
4.502136439,0.050400963
4.504559906,0.050465638
4.506998805,0.050482455
4.509408259,0.050404318
4.511841579,0.050440681
4.514255239,0.050300905
4.516669661,0.050353099
4.519119698,0.050281914
4.521545702,0.050348767
4.523944049,0.050312998
4.526375686,0.050295230
4.528792455,0.050321230
4.531203770,0.050268003
4.533632113,0.050309698
4.536055842,0.050291467
4.538473355,0.050337290
4.540934144,0.050329353
4.543352210,0.050273764
4.545758959,0.050224677
4.548178291,0.050241071
4.550588985,0.050219956
4.553006532,0.050245827
4.555429715,0.050292297
4.557852856,0.050288236
4.560271478,0.050226998
4.562694953,0.050186534
4.565118078,0.050203800
4.569148714,0.051811630
4.569983606,0.050139121
4.572413930,0.050149697
4.574821787,0.050226760
4.577231161,0.050155830
4.579651988,0.050154672
4.582076673,0.050201233
4.584496415,0.050168369
4.586921393,0.050059773
4.589341967,0.050134115
4.591779580,0.050160413
4.594202433,0.050124978
4.596609194,0.050121799
4.599038048,0.050120030
4.601454018,0.050057678
4.603884223,0.050116669
4.606300700,0.050055234
4.608719620,0.050120435
4.611144479,0.050098003
4.613568133,0.050093642
4.615994140,0.050094680
4.618412179,0.050088794
4.620831767,0.050050620
4.623255072,0.050030213
4.625688425,0.050025449
4.628098576,0.050073088
4.630536029,0.050015759
4.632956372,0.049994696
4.635380334,0.050063936
4.637798399,0.049997841
4.640299999,0.050067395
4.642648837,0.049986813
4.645074056,0.049969778
4.647477569,0.050030261
4.649902584,0.049969819
4.652324876,0.049959197
4.654755124,0.049937239
4.657167681,0.049915642
4.659590565,0.049932386
4.662014919,0.049926356
4.664432726,0.049938201
4.666857614,0.049903694
4.669286917,0.049896744
4.671714889,0.049936370
4.674128981,0.050419689
4.676549345,0.050849359
4.678968993,0.051363442
4.681394045,0.051843840
4.683817974,0.052296322
4.688460696,0.054695200
4.688669508,0.053314332
4.691080235,0.053783255
4.693506857,0.054247476
4.695925998,0.054720569
4.698348420,0.055207854
4.700769660,0.055634246
4.703214797,0.056131582
4.705628053,0.056630501
4.708037524,0.057112427
4.710474882,0.057618272
4.712886017,0.058029270
4.715305873,0.058536481
4.717729101,0.059029994
4.720149414,0.059516540
4.722590746,0.060003367
4.724998185,0.059174770
4.727419878,0.058307248
4.729842341,0.057503834
4.732270303,0.056679959
4.734685838,0.055859058
4.737143517,0.055088051
4.739534298,0.054224497
4.741957790,0.053364642
4.744417606,0.052615274
4.746802610,0.051760446
4.749226038,0.050955212
4.751685695,0.050165960
4.754079583,0.049315384
4.761174795,0.053975864
4.761184942,0.051567578
4.761401043,0.049355316
4.763773286,0.049311706
4.766202424,0.049228629
4.768622096,0.049283873
4.771046901,0.049278278
4.773481641,0.049232450
4.775891597,0.049287258
4.778316767,0.049289037
4.780734290,0.049216241
4.783157805,0.049244578
4.785643499,0.049286453
4.788018207,0.049352907
4.790428239,0.049335497
4.792878099,0.049349004
4.795306465,0.049391217
4.797688940,0.049292510
4.800215082,0.049403915
4.802548045,0.049320680
4.805025141,0.049343069
4.807408598,0.049308051
4.809798046,0.049264109
4.812251276,0.049298012
4.814677095,0.049312128
4.817091710,0.049278300
4.819494124,0.049268637
4.821942807,0.049288348
4.824337019,0.049225387
4.826761015,0.049259411
4.829182749,0.049161002
4.831606331,0.049143977
4.834027056,0.049191006
4.836450441,0.049111759
4.838872465,0.049153919
4.841295167,0.049112296
4.843716354,0.049086828
4.846139230,0.049114218
4.848560178,0.049038495
4.850978691,0.049080850
4.853403666,0.049031539
4.855824050,0.048979482
4.858246048,0.049015754
4.860669893,0.048930859
4.863089786,0.048936911
4.865565200,0.049011378
4.867940630,0.048868472
4.870346433,0.048866151
4.872775096,0.048842952
4.875215690,0.048914311
4.877611677,0.048767214
4.880038202,0.048751472
4.882455783,0.048780964
4.884880063,0.048717018
4.889593954,0.051000539
4.889737826,0.048727674
4.892163977,0.048686767
4.894588438,0.048767398
4.897010492,0.048617330
4.899434561,0.048598045
4.901856092,0.048641933
4.904277812,0.048619067
4.906704595,0.048607957
4.909121066,0.048530020
4.911546101,0.048581011
4.913967159,0.048555063
4.916393708,0.048518480
4.918816317,0.048590126
4.921235221,0.048503908
4.923658012,0.048482835
4.926082027,0.048451944
4.928498334,0.048371644
4.930926320,0.048451785
4.933348004,0.048356541
4.935769219,0.048416948
4.938193596,0.048416848
4.940614575,0.048289724
4.943035118,0.048333065
4.945458332,0.048312716
4.949431130,0.049764667
4.950305583,0.048275608
4.952730187,0.048198686
4.955148507,0.048247998
4.957645050,0.048304232
4.959994055,0.048155801
4.962416231,0.048167599
4.964870841,0.048217783
4.967262980,0.048124179
4.969837113,0.048383914
4.972184762,0.048295695
4.974615545,0.048244293
4.977029978,0.048164968
4.979453024,0.048123412
4.981879359,0.048121467
4.984290831,0.048158799
4.986717892,0.048068241
4.989139565,0.048094615
4.991561783,0.048105929
4.993980930,0.048137186
4.996405411,0.048075471
4.998828532,0.047964282
5.001310489,0.048567260
5.003656718,0.048730440
5.006096724,0.049509949
5.008706532,0.049928781
5.010939098,0.050427617
5.013437858,0.050915775
5.015771509,0.051388336
5.018187399,0.051804775
5.020657204,0.052346566
5.023055536,0.052720171
5.025456019,0.053232729
5.027883326,0.053736334
5.030327728,0.054222831
5.032725046,0.054680986
5.035167249,0.055140064
5.037567671,0.055592890
5.039993514,0.056028472
5.042438366,0.056516048
5.044835148,0.056942270
5.047283025,0.057476024
5.049680293,0.057876376
5.052121290,0.058407490
5.054539115,0.057627881
5.056950530,0.056773629
5.059373848,0.055872471
5.061792731,0.055026993
5.064216232,0.054262813
5.066648355,0.053413742
5.069056864,0.052603974
5.071500013,0.051781491
5.073905486,0.050898558
5.076342461,0.050092807
5.078770711,0.049266070
5.081170233,0.048432529
5.083608908,0.047611126
5.086017223,0.047412072
5.088435031,0.047566647
5.090866508,0.047494779
5.093280927,0.047460263
5.095702484,0.047481562
5.098123265,0.045293324
5.100547151,0.047499470
5.102979397,0.047485709
5.105399282,0.047484137
5.107812820,0.047447844
5.110235690,0.047316431
5.112662486,0.047332637
5.115080023,0.047323571
5.117586331,0.047398592
5.119925087,0.047270708
5.122351473,0.047237092
5.124770132,0.047219833
5.127192625,0.047200679
5.129617583,0.047167104
5.132036801,0.047172782
5.134469344,0.047165567
5.139225274,0.049492429
5.139342385,0.047189279
5.141729423,0.047128736
5.144163837,0.047242605
5.146578114,0.047087905
5.148995200,0.047079253
5.151416011,0.047029638
5.153867049,0.047115494
5.156261042,0.047071367
5.158688644,0.046903739
5.161107370,0.047015811
5.163558960,0.046971575
5.165964608,0.046962992
5.168374987,0.047084796
5.170804186,0.047046677
5.173220303,0.047066441
5.175656498,0.047074804
5.178072626,0.047048421
5.180491817,0.046676162
5.182918352,0.047026771
5.185337064,0.047010072
5.187755077,0.046989670
5.190176094,0.046960984
5.192616932,0.046925129
5.195092992,0.046968547
5.197637170,0.047117784
5.199963917,0.047013955
5.202313925,0.046888200
5.204836566,0.046999496
5.207162983,0.046891262
5.209615442,0.046865385
5.212060723,0.046941418
5.214491056,0.046921954
5.216921898,0.046955590
5.219290558,0.046837697
5.221665607,0.046768199
5.224099986,0.046674955
5.226538487,0.046762345
5.228946534,0.046800820
5.231360787,0.046799785
5.233792431,0.046805696
5.236212678,0.046779033
5.238622258,0.046740261
5.241044687,0.046720583
5.243480506,0.046739611
5.245892265,0.046657890
5.248311282,0.046630937
5.250735916,0.046645933
5.253162672,0.046675094
5.255577877,0.046630566
5.258002414,0.046602681
5.260423994,0.046643885
5.262845307,0.046611873
5.265291467,0.046611673
5.272860988,0.051776178
5.272869803,0.049368311
5.272872700,0.046881003
5.274960698,0.046536489
5.277381781,0.046471820
5.279818726,0.046524413
5.282227781,0.046486045
5.284646347,0.046512222
5.287080378,0.046478180
5.289504541,0.046489757
5.292363386,0.046884158
5.294338836,0.046437256
5.296761912,0.046400176
5.299183447,0.046371942
5.301662393,0.046424206
5.304033530,0.046420380
5.306454686,0.046352454
5.308879377,0.046327490
5.311722888,0.046738938
5.313766094,0.046337101
5.316151870,0.046295552
5.318570462,0.046266136
5.320996356,0.046287531
5.326168673,0.049140613
5.326180589,0.046604108
5.328274121,0.046303560
5.330706409,0.046844922
5.333201715,0.047406127
5.335545755,0.047796110
5.337965474,0.048263820
5.340388621,0.048724639
5.342811688,0.049219569
5.345380219,0.049831289
5.347661736,0.050166793
5.350118037,0.050681483
5.352504444,0.051102118
5.354947557,0.051617482
5.357354144,0.052070526
5.359774237,0.052537340
5.362197150,0.053019940
5.364610397,0.053451448
5.367038520,0.053935381
5.369459131,0.054415458
5.371881299,0.054912128
5.374301826,0.055367268
5.376717545,0.055827964
5.379162035,0.056307329
5.381658001,0.055540603
5.383991912,0.054653885
5.386431189,0.053846667
5.388841899,0.053013638
5.391262330,0.052196379
5.393681092,0.051379842
5.396105810,0.050565492
5.398527358,0.049760457
5.400950401,0.048930361
5.403372642,0.048074388
5.405793213,0.047292495
5.408215224,0.046477360
5.410638015,0.045660292
5.413062391,0.045659124
5.415490587,0.045651595
5.417911319,0.045656231
5.420362218,0.045653090
5.422755633,0.045639387
5.425181063,0.045619452
5.427592310,0.045593874
5.430026228,0.045589836
5.432443274,0.045608823
5.434906479,0.045637559
5.437310228,0.045558987
5.439728441,0.045506749
5.442145660,0.045508423
5.444568275,0.045494308
5.446991019,0.045561905
5.449402010,0.045546595
5.451833219,0.045572673
5.454232218,0.045526962
5.457408217,0.046285187
5.459090415,0.045564324
5.461595597,0.045602358
5.463937070,0.045474471
5.466356204,0.045475581
5.468797302,0.045512522
5.471219424,0.045462513
5.473660845,0.045552204
5.476054038,0.045492267
5.478469137,0.045483440
5.480904824,0.045496388
5.483328967,0.045499225
5.485734318,0.045481669
5.488158899,0.045465841
5.490577584,0.045447808
5.493001620,0.045431084
5.495425008,0.045435606
5.497871330,0.045494908
5.500270699,0.045459459
5.502692372,0.045477405
5.505114777,0.045477943
5.507748278,0.045645141
5.509958810,0.045450800
5.512390040,0.045460096
5.514811222,0.045451190
5.517224445,0.045421047
5.519651402,0.045426240
5.522069110,0.045422782
5.524492086,0.045434483
5.526918805,0.045429852
5.529376909,0.045466078
5.531762126,0.045352616
5.534192544,0.045375375
5.536611441,0.045339865
5.539026148,0.045313714
5.541451480,0.045316711
5.543871613,0.045230677
5.546297560,0.045309870
5.548716127,0.045293187
5.551133887,0.045320406
5.553645345,0.045367574
5.555992375,0.045324136
5.558406039,0.045292154
5.560828251,0.045285745
5.563249848,0.045265923
5.565670656,0.045156402
5.568093268,0.045269438
5.570514508,0.045236853
5.572966994,0.045228569
5.575359298,0.045227292
5.577791301,0.045253908
5.580217522,0.045248932
5.582632857,0.045196120
5.585047833,0.045147650
5.587469595,0.045173995
5.589881835,0.045184527
5.592303108,0.045202279
5.594741376,0.045198412
5.597192004,0.045238612
5.599592819,0.045173179
5.602063208,0.045277277
5.604426933,0.045181436
5.606849593,0.045187010
5.609295646,0.045220044
5.611697806,0.045200825
5.614181147,0.045243599
5.616541811,0.045202157
5.619033591,0.045267377
5.621405181,0.045178944
5.623817061,0.045193059
5.626227477,0.045149723
5.628668287,0.045177260
5.631081033,0.045164162
5.633800600,0.045433649
5.635920420,0.045150835
5.638362216,0.045157494
5.640767754,0.045138990
5.643243573,0.045092645
5.645648379,0.045168381
5.648036877,0.045147085
5.650453961,0.045106929
5.652889551,0.045115211
5.655302426,0.045135283
5.657739789,0.045621082
5.660164155,0.046075558
5.662561049,0.046522920
5.664990995,0.046993384
5.667422460,0.047525430
5.669850753,0.047975970
5.672270974,0.048493560
5.674684186,0.048965169
5.677095718,0.049351499
5.679519964,0.049896803
5.681950290,0.050371985
5.684361835,0.050518076
5.686784568,0.051313058
5.689218736,0.051796832
5.691640446,0.052271726
5.694059252,0.052786040
5.696478580,0.053223219
5.698894139,0.053732437
5.701330498,0.054215785
5.706107828,0.057075410
5.706241518,0.055269011
5.708600722,0.054396642
5.711020224,0.053563453
5.713517316,0.052821313
5.715842876,0.051908946
5.718264892,0.051103853
5.720697578,0.050312819
5.723120375,0.049485271
5.725589826,0.048702018
5.727964026,0.047877924
5.730382762,0.047016665
5.732808636,0.046191376
5.735224998,0.045390483
5.737642130,0.044588152
5.740063429,0.044584031
5.742485905,0.044587848
5.744913466,0.044578525
5.747333057,0.044581572
5.749764392,0.044577767
5.752183900,0.044571938
5.754609139,0.044569062
5.757026576,0.044492280
5.759457843,0.044532195
5.761872105,0.044533965
5.764292713,0.044548021
5.766716535,0.044545792
5.769138346,0.044532566
5.771558913,0.044469826
5.773989937,0.044536856
5.776441740,0.044555352
5.778850335,0.044442059
5.781252444,0.044483194
5.783677634,0.044452006
5.786104841,0.044483038
5.788511328,0.044462745
5.790953030,0.044473300
5.793360552,0.044480709
5.795845083,0.044482025
5.798340888,0.044531128
5.800712967,0.044450226
5.803150419,0.044175075
5.805483209,0.044456093
5.807984177,0.044509921
5.810402896,0.044516242
5.812768209,0.044439532
5.815208826,0.044423957
5.817606861,0.044410173
5.820059584,0.044389405
5.822462304,0.044350630
5.824883039,0.044360624
5.827344860,0.044376228
5.829720302,0.044410770
5.832150272,0.044342643
5.837194180,0.047055934
5.837202321,0.044599102
5.839406575,0.044375367
5.841825822,0.044391085
5.844256184,0.044268812
5.846700450,0.044333484
5.849182077,0.044358572
5.851597111,0.044313535
5.854016536,0.044354052
5.856365260,0.044279791
5.858802279,0.044306074
5.861210957,0.044313335
5.863637923,0.044295307
5.866063624,0.044298222
5.868491199,0.044297520
5.870965244,0.044331389
5.873318032,0.044328994
5.875744938,0.044326838
5.878187504,0.044351723
5.880609403,0.044298802
5.883012600,0.044274778
5.885422541,0.044269397
5.887843843,0.044262700
5.890284420,0.044280207
5.892715570,0.044272418
5.895111584,0.044222598
5.901140351,0.047834387
5.901152077,0.045483675
5.902396050,0.044275463
5.904814061,0.044267058
5.907243590,0.044234702
5.909673504,0.044227384
5.912078854,0.044194175
5.914501113,0.044166338
5.916924908,0.044206449
5.919348263,0.044139954
5.921764834,0.044148197
5.924189291,0.044142911
5.926613391,0.044107531
5.929035505,0.044160306
5.931514426,0.044192015
5.933885345,0.044102374
5.936311997,0.044144771
5.938723426,0.044117765
5.941158536,0.044130627
5.943569383,0.044122741
5.945989499,0.044131770
5.948411747,0.044083935
5.950834999,0.044086473
5.953257418,0.044109242
5.955679757,0.044102759
5.958101733,0.044105598
5.960524279,0.044078252
5.962947356,0.043928528
5.965495949,0.044180233
5.967871449,0.044144241
5.970296227,0.044139660
5.972714274,0.044113435
5.975142096,0.044041505
5.977652809,0.044131182
5.979983422,0.043981759
5.982415675,0.043992070
5.984863162,0.044042213
5.987263086,0.044028874
5.989685639,0.044013377
5.992161347,0.044563302
5.994531862,0.045040501
5.997010649,0.045554184
5.999368570,0.045985772
6.001780693,0.046451022
6.004206807,0.046910940
6.006655602,0.047374831
6.009051766,0.047859870
6.011474268,0.048350354
6.013893783,0.048850287
6.017593058,0.050579749
6.018744131,0.049792377
6.021162460,0.050251540
6.023587512,0.050738731
6.026086695,0.051297523
6.028432182,0.051626460
6.030851815,0.052109913
6.033274323,0.052590774
6.035697062,0.053067903
6.038119227,0.053534124
6.040538759,0.054080372
6.042962799,0.053257292
6.045384823,0.052411171
6.047805862,0.051533102
6.050228592,0.050799069
6.052664893,0.049956415
6.055074458,0.049189727
6.057593494,0.048436187
6.059919590,0.047450569
6.062341187,0.046644755
6.064764227,0.045807265
6.067185178,0.045003870
6.069643903,0.044161933
6.072033124,0.043289197
6.074454463,0.043223055
6.076877105,0.043352278
6.079304637,0.043417368
6.081720473,0.043316842
6.084143955,0.043359855
6.087853667,0.044671250
6.088990875,0.043295117
6.091411689,0.043370601
6.093833850,0.043282467
6.096255718,0.043196504
6.098678785,0.043180405
6.101101534,0.043178592
6.103524614,0.043096938
6.105946523,0.043194924
6.108366404,0.043273001
6.110791102,0.043253420
6.113209301,0.043281058
6.115632442,0.043218181
6.118054796,0.043211647
6.120479812,0.043130489
6.122906263,0.043214554
6.125344688,0.043169834
6.127744803,0.043207140
6.130185757,0.043222668
6.132589941,0.043180888
6.135003628,0.043200096
6.137414215,0.043148182
6.139850809,0.043159022
6.142279088,0.043159857
6.144685825,0.043137990
6.147144049,0.043170229
6.149554251,0.043139347
6.151964456,0.043127338
6.154433602,0.043192570
6.156807921,0.043102630
6.159283409,0.043190462
6.161669165,0.043146110
6.164073496,0.043103335
6.166525097,0.043125417
6.168944805,0.043053018
6.171357486,0.043027452
6.173788326,0.043058793
6.176210300,0.043075199
6.178632181,0.043004967
6.181041010,0.043050994
6.183476992,0.042971996
6.185894392,0.043015593
6.188298251,0.042989212
6.190742662,0.042942766
6.193162734,0.042941388
6.195580268,0.042933820
6.197997868,0.042918872
6.200422031,0.042937926
6.202842054,0.042964819
6.205243218,0.042905464
6.207677442,0.042954196
6.210101211,0.042921061
6.212517732,0.042918820
6.214956046,0.042929199
6.217387012,0.042822325
6.219790963,0.042921968
6.222235285,0.042902654
6.224623747,0.042807937
6.227069851,0.042894821
6.229481366,0.042824789
6.231912469,0.042870898
6.234393054,0.042869576
6.236825511,0.042914486
6.239186954,0.042833194
6.241631955,0.042860080
6.244029054,0.042827929
6.246436487,0.042822536
6.248843304,0.042749013
6.251279345,0.042796071
6.253691642,0.042708689
6.256112815,0.042730684
6.258833759,0.042953751
6.260990563,0.042666062
6.263402306,0.042568459
6.265806247,0.042586571
6.268230724,0.042618922
6.270681827,0.042578603
6.273093626,0.042619336
6.277717746,0.044812109
6.277937601,0.042573031
6.280346507,0.042571445
6.282774055,0.042560678
6.285192414,0.042516685
6.287645722,0.042572014
6.290040786,0.042476098
6.292485724,0.042502803
6.294887950,0.042470621
6.297305533,0.042315628
6.299719482,0.042363028
6.302141793,0.042357119
6.304564787,0.042419603
6.306989507,0.042365164
6.309428139,0.042389942
6.311840270,0.042363528
6.314262569,0.042327020
6.316670759,0.042280345
6.319113434,0.042774048
6.321587830,0.043276543
6.323953440,0.043696102
6.326375949,0.044223107
6.329046489,0.044940610
6.331219045,0.045138607
6.333639667,0.045629004
6.336065775,0.046097773
6.338488327,0.046568183
6.340896217,0.047030697
6.348101678,0.052182671
6.348111783,0.050257552
6.348229576,0.048403320
6.352188490,0.050486108
6.353045090,0.049412174
6.355447537,0.049908712
6.357911634,0.050357525
6.360294737,0.050849178
6.362721105,0.051297941
6.365614519,0.052186316
6.367558598,0.052169725
6.369967096,0.051374565
6.372393863,0.050274336
6.374814130,0.049721354
6.377231930,0.048877634
6.379653524,0.047955936
6.382074712,0.047125592
6.384516396,0.046388135
6.386940506,0.045574076
6.389344782,0.044654868
6.391778082,0.043826946
6.394198067,0.043045677
6.396614472,0.042232360
6.399048275,0.041459773
6.401456175,0.041381955
6.403880141,0.041316896
6.407214051,0.042252830
6.408726204,0.041314549
6.411142793,0.041306003
6.413567738,0.041288436
6.415988365,0.041270772
6.418411148,0.041263998
6.420864604,0.041294676
6.423254157,0.041242452
6.425681851,0.041252018
6.428096073,0.041195195
6.430523671,0.041224700
6.432947099,0.041158367
6.435366574,0.041194330
6.437790253,0.041164373
6.440210770,0.041131743
6.442641253,0.041152134
6.445073602,0.041126226
6.447483707,0.041078560
6.449902320,0.041018840
6.452336263,0.040984852
6.454750148,0.040804484
6.457174021,0.040970856
6.459593903,0.040877316
6.462019955,0.040976221
6.464440237,0.041006077
6.469096867,0.043203244
6.469321315,0.040970110
6.471730202,0.040900805
6.474154566,0.040809365
6.476576183,0.040788159
6.478995631,0.040743940
6.481418374,0.040738762
6.483840552,0.040746988
6.486264111,0.040719334
6.488686938,0.040736226
6.491109519,0.040758318
6.493593293,0.040772843
6.495950786,0.040680396
6.498387322,0.040717316
6.500796716,0.040632445
6.503217109,0.040674246
6.505642345,0.040698914
6.508076486,0.040645741
6.510487413,0.040607149
6.512908648,0.040560344
6.515330239,0.040629711
6.517751348,0.040631005
6.520175384,0.040632812
6.522596610,0.040605445
6.525018608,0.040522699
6.527442453,0.040453893
6.529873757,0.040490743
6.532286047,0.040506167
6.534711834,0.040513993
6.537131754,0.040470132
6.539554834,0.040384994
6.541977908,0.040375968
6.544398586,0.040406671
6.546821740,0.040422736
6.549244487,0.040146503
6.551665966,0.040288484
6.554088896,0.040295281
6.556510653,0.040360093
6.558935214,0.040207929
6.561355024,0.040263150
6.563775919,0.040310907
6.566199192,0.040309332
6.568618153,0.040231194
6.571045086,0.040187801
6.573471969,0.040240804
6.575891488,0.040137334
6.578314695,0.040126614
6.580722732,0.040091849
6.583140900,0.040069548
6.585595394,0.040107022
6.588098662,0.040153044
6.590530871,0.040136779
6.592938349,0.040061751
6.597593024,0.042268844
6.597805107,0.040082576
6.600259581,0.040159327
6.602654215,0.040075298
6.605128103,0.040113989
6.607536174,0.040075278
6.609951121,0.040079197
6.612367602,0.040076117
6.614832421,0.040082355
6.617205954,0.040077197
6.619694755,0.040085059
6.622147301,0.040078201
6.624664889,0.040090632
6.627119124,0.040086320
6.629653500,0.040170449
6.631976615,0.040085346
6.634421503,0.040084412
6.636857471,0.040082135
6.639287422,0.040078553
6.641755369,0.040136553
6.644155750,0.040092133
6.646148826,0.040212364
6.648583445,0.040623378
6.650986587,0.041178460
6.653416741,0.041605938
6.655846083,0.042144217
6.658254805,0.042589091
6.660676820,0.043056621
6.663099774,0.043506852
6.665595067,0.044093589
6.667946656,0.044432752
6.670383176,0.044895218
6.672789475,0.045381296
6.675209771,0.045885468
6.677644137,0.046355669
6.680055678,0.046836553
6.682478398,0.047252169
6.684899420,0.047724531
6.687323001,0.048111716
6.689743854,0.048576851
6.692169006,0.049053617
6.694590643,0.049556322
6.697009305,0.050024158
6.699429706,0.050531780
6.701851139,0.051036223
6.704274186,0.051412041
6.706697647,0.050687888
6.709120868,0.049783271
6.711539297,0.048898059
6.713966164,0.048132051
6.716389555,0.047232952
6.718793695,0.046403255
6.721209367,0.045557448
6.723632785,0.044737214
6.726057246,0.043927857
6.728492724,0.043142696
6.730905602,0.042301754
6.733321535,0.041523979
6.735745484,0.040736279
6.738167923,0.040745692
6.740587925,0.040758378
6.743010438,0.040768648
6.745434534,0.040779735
6.747855106,0.040844213
6.750287114,0.040852436
6.752702610,0.040817241
6.755122482,0.040835101
6.757547781,0.040749087
6.759969054,0.040741158
6.762389548,0.040764635
6.764812354,0.040743883
6.767236323,0.040696628
6.769660025,0.040765008
6.772076533,0.040736420
6.774499556,0.040747425
6.776925588,0.040737332
6.779349740,0.040729642
6.781858537,0.040869805
6.784207343,0.040766072
6.786630877,0.040782181
6.789038256,0.040787353
6.791458620,0.040733188
6.793885035,0.040823543
6.796310064,0.040800753
6.798734277,0.040840444
6.801162367,0.040727628
6.803582316,0.040679453
6.806003342,0.040781638
6.808423248,0.040684495
6.810845683,0.040689628
6.813268172,0.040670555
6.815689715,0.040715361
6.818152035,0.040736900
6.820568522,0.040709630
6.822979723,0.040822914
6.825399814,0.040806742
6.827824204,0.040764736
6.830245413,0.040767499
6.832671583,0.040746035
6.835103289,0.040790100
6.837518250,0.040767505
6.839932177,0.040766663
6.842376804,0.040863744
6.846976026,0.043018965
6.847206711,0.040856813
6.849643452,0.040850749
6.852042384,0.040784901
6.854461033,0.040771876
6.856880494,0.040849241
6.859309306,0.040840257
6.861730023,0.040779307
6.864157835,0.040845933
6.866590041,0.040855129
6.868997667,0.040803046
6.871416307,0.040805110
6.873824432,0.040815775
6.876243785,0.040817704
6.878677144,0.040823485
6.881119983,0.040855511
6.883510427,0.040825791
6.885955298,0.040815166
6.888356046,0.040816174
6.890838155,0.040907529
6.893204958,0.040836068
6.895622531,0.040833387
6.898142261,0.040953204
6.900483765,0.040834589
6.902966712,0.040894553
6.905311835,0.040823145
6.907756272,0.040881332
6.910163956,0.040827038
6.912582931,0.040835418
6.915007923,0.040835953
6.917463670,0.040849914
6.919847958,0.040816352
6.922286597,0.040836591
6.924704768,0.040680749
6.927122830,0.040824671
6.929590349,0.040760096
6.931975984,0.040745871
6.934398911,0.040748809
6.936840694,0.040752091
6.939246814,0.040720016
6.941668674,0.040748118
6.944104633,0.040737135
6.949613411,0.043851392
6.949624482,0.041413352
6.951376253,0.040763405
6.953763051,0.040732075
6.956183562,0.040715692
6.958606182,0.040721326
6.961026415,0.040764723
6.963495397,0.040790208
6.965975819,0.040884924
6.968381716,0.040915290
6.972179110,0.042294121
6.973255850,0.040904492
6.975640780,0.040819315
6.978072732,0.040866294
6.980496093,0.040848360
6.982958847,0.041380250
6.985332774,0.041804136
6.987762329,0.042280788
6.990193076,0.042725413
6.992601697,0.043244858
6.995026228,0.043685027
6.997450633,0.044251037
6.999863538,0.044726033
7.002295309,0.045226861
7.004706864,0.045592159
7.007151723,0.046192844
7.009600936,0.046687889
7.011981897,0.047109794
7.014399390,0.047573581
7.016827083,0.048088658
7.019255960,0.048595647
7.021682299,0.049041263
7.024095094,0.049544955
7.026541447,0.050051589
7.033594572,0.055076011
7.033607334,0.053143483
7.033830971,0.051475089
7.036220440,0.050724229
7.038650958,0.049946127
7.041159969,0.049064666
7.043494642,0.048167803
7.045917319,0.047370226
7.048341028,0.046546877
7.050764218,0.045788310
7.053185962,0.045124964
7.055607553,0.044173102
7.058027876,0.043452993
7.060452614,0.042659200
7.062872233,0.041913439
7.065296610,0.041110921
7.067718028,0.041149368
7.070140511,0.041178793
7.072563772,0.041212620
7.075025742,0.041327058
7.077415567,0.041254506
7.079832802,0.041314763
7.082260739,0.041403368
7.084689436,0.041443332
7.087123012,0.041514457
7.089628043,0.041637164
7.091998572,0.041599402
7.094426647,0.041663304
7.096789023,0.041630809
7.099208423,0.041675126
7.101646420,0.041753608
7.104070821,0.041733867
7.106486212,0.041806612
7.108903211,0.041852865
7.111339816,0.041916890
7.113746713,0.041946162
7.116177906,0.041983890
7.118592509,0.042038177
7.121011928,0.042071533
7.123436020,0.042109288
7.125856137,0.042122746
7.128276166,0.042182671
7.130701844,0.042214420
7.133119486,0.042283053
7.135541662,0.042323050
7.137960802,0.042360487
7.140391111,0.042421164
7.142819471,0.042466230
7.145230649,0.042464853
7.147658804,0.042521281
7.150062858,0.042571304
7.152499007,0.042617945
7.154951676,0.042664625
7.157325827,0.042674564
7.161599758,0.044529978
7.162190366,0.042704664
7.164610824,0.042806030
7.167038559,0.042810063
7.169463438,0.042854496
7.171879067,0.042928027
7.174300804,0.042905334
7.176724749,0.042564093
7.179151070,0.042948519
7.181672546,0.043151233
7.183992440,0.043099132
7.186420309,0.043142742
7.188841274,0.043158791
7.191266058,0.043188129
7.193685961,0.043226253
7.196105513,0.043276340
7.198527297,0.043343183
7.200948382,0.043354605
7.203372890,0.043381859
7.205792788,0.043434019
7.208234806,0.043560714
7.210659203,0.043595526
7.213080482,0.043603628
7.215504378,0.043677700
7.217909768,0.043709849
7.220327084,0.043724381
7.222760073,0.043811362
7.225188188,0.043867882
7.227648693,0.043949659
7.230042352,0.043910561
7.232497956,0.044000859
7.234884039,0.043974177
7.237288804,0.043984692
7.239726664,0.044069637
7.242133886,0.044119380
7.244555820,0.044108529
7.246978660,0.044168941
7.249398894,0.044207062
7.251819775,0.044260152
7.254243898,0.044297671
7.256665578,0.044365981
7.259089714,0.044404779
7.261509042,0.044421423
7.263929305,0.044522932
7.266368686,0.044549066
7.268772719,0.044560233
7.271197597,0.044585107
7.273642763,0.044671483
7.276123077,0.044779499
7.278472169,0.044754399
7.280883343,0.044810887
7.283297004,0.044791817
7.285713064,0.044870906
7.288135449,0.044862163
7.290568300,0.044974528
7.292977497,0.044990175
7.295406207,0.045020100
7.297824447,0.045092543
7.300245043,0.045118167
7.302690035,0.045193155
7.305102506,0.045196577
7.307552416,0.045287711
7.309947180,0.045301913
7.312477991,0.045430604
7.314792325,0.045348904
7.317205444,0.045878719
7.319631705,0.046420898
7.322059848,0.046963629
7.324512838,0.047516420
7.326918373,0.047983937
7.329331262,0.048510138
7.331763464,0.048974750
7.334174351,0.049534506
7.336723043,0.050138238
7.339039395,0.050607603
7.341440100,0.051038499
7.343872828,0.051604500
7.346282088,0.052131906
7.348691408,0.052618473
7.351121402,0.053130678
7.353537485,0.053649804
7.355964663,0.054194293
7.358381735,0.054664867
7.360802941,0.055200610
7.363245776,0.055736972
7.365689738,0.056287026
7.368078815,0.056773429
7.370503385,0.055933352
7.372924661,0.055269518
7.375345807,0.054481830
7.377771267,0.053710083
7.380202056,0.052969971
7.382618942,0.052191968
7.385068974,0.051491586
7.387476911,0.050737451
7.389902330,0.050008132
7.392316412,0.049251882
7.394741911,0.048494525
7.397154316,0.047740076
7.399609310,0.046984937
7.402032422,0.047062632
7.407128913,0.049791271
7.407138376,0.047404018
7.409261655,0.047160432
7.411681768,0.047173918
7.414105239,0.047231796
7.416524457,0.047277010
7.418955252,0.047323109
7.421373465,0.047348132
7.423799716,0.047416863
7.426212214,0.047391428
7.428679011,0.047472871
7.431053209,0.047496607
7.433490270,0.047449570
7.435899045,0.047561538
7.438320191,0.047624429
7.440822807,0.047750678
7.443192091,0.047706362
7.445599587,0.047746832
7.448012717,0.047732919
7.450444364,0.047823961
7.452863720,0.047855760
7.455283554,0.047884599
7.457745651,0.048029956
7.460126949,0.048008103
7.462571722,0.048011755
7.464993506,0.048052768
7.467427578,0.048095437
7.469859188,0.048148607
7.472264015,0.048191684
7.474687112,0.048214597
7.477110396,0.048284314
7.479533432,0.048296249
7.481952814,0.048361074
7.484379891,0.048417026
7.486805227,0.048473521
7.489209371,0.048499839
7.491646900,0.048542794
7.494099606,0.048613016
7.496504516,0.048679068
7.498940256,0.048689105
7.501331352,0.048719614
7.503742156,0.048735509
7.506164180,0.048816481
7.508570249,0.048764982
7.510996591,0.048795120
7.513419895,0.048812529
7.515837421,0.048954168
7.518282924,0.049025461
7.520702375,0.049000923
7.523113900,0.049061752
7.525553344,0.049112650
7.527952877,0.049089270
7.532692664,0.051553114
7.532814600,0.049146832
7.535228926,0.049313925
7.537667371,0.049321026
7.540077104,0.049371362
7.542520765,0.049463498
7.544906812,0.049466556
7.547336575,0.049490788
7.549757119,0.049545442
7.552180861,0.049589787
7.554617414,0.049622661
7.557019584,0.049653454
7.559475401,0.049707186
7.561897569,0.049748399
7.564288000,0.049727171
7.566726825,0.049832132
7.569134976,0.049856539
7.571562323,0.049917500
7.574001342,0.049963296
7.576402332,0.049944703
7.578824658,0.050044282
7.581258534,0.050076390
7.583669856,0.050057995
7.586093471,0.050090361
7.588544175,0.050105190
7.593594674,0.052771180
7.593605410,0.050387946
7.595803893,0.050190820
7.598225490,0.050215110
7.600646179,0.050211997
7.603070238,0.050249094
7.605487130,0.050254641
7.607918787,0.050284523
7.610351957,0.050267634
7.612756705,0.050292159
7.615181102,0.050317568
7.617645587,0.050373986
7.620027845,0.050339075
7.622484861,0.050396195
7.624867209,0.050364057
7.627292515,0.050367134
7.629745849,0.050402925
7.632235302,0.050517569
7.634557795,0.050442524
7.636980508,0.050409811
7.639404090,0.050460699
7.641865929,0.050518140
7.644248530,0.050490294
7.646670555,0.050517479
7.649188047,0.050610741
7.651513605,0.051038302
7.654016894,0.051579721
7.656360527,0.052027309
7.658782271,0.052514908
7.661205863,0.053039985
7.663625886,0.053518961
7.666048818,0.054005432
7.668472808,0.054513855
7.670894271,0.054952995
7.673317857,0.055509210
7.675742330,0.055999267
7.678161765,0.056489563
7.680583151,0.056988596
7.683027918,0.057502800
7.685450731,0.057997756
7.687860743,0.058471780
7.690270712,0.058975889
7.692692167,0.059465671
7.695136644,0.059980665
7.697594582,0.060510054
7.699964550,0.060910210
7.702499253,0.061575741
7.704812642,0.060667576
7.707251497,0.059866415
7.709693672,0.059014610
7.712055509,0.058214579
7.714478754,0.057462944
7.716901566,0.056642034
7.719686199,0.056186964
7.721767712,0.055043637
7.724186660,0.054359118
7.726614966,0.053490260
7.729033986,0.052703621
7.731454847,0.051902232
7.733876809,0.051048972
7.736300080,0.051151998
7.738722990,0.051166413
7.741144776,0.051264104
7.743566685,0.051269068
7.745989264,0.051213031
7.748410603,0.051250254
7.750834809,0.051252456
7.753256309,0.051268249
7.755678494,0.051246396
7.758095312,0.051321970
7.760552327,0.051407911
7.762947538,0.051403887
7.765367655,0.051403109
7.767819603,0.051450635
7.770211330,0.051405091
7.772636529,0.051457787
7.775086439,0.051458727
7.780192460,0.054188736
7.780202347,0.051748005
7.782324811,0.051417623
7.784744763,0.051473288
7.787266815,0.051566693
7.789642634,0.051538762
7.792007545,0.051503880
7.794492648,0.051546695
7.796920654,0.051554869
7.799306503,0.051535765
7.801729563,0.051601131
7.804226561,0.051673055
7.806633940,0.051738442
7.808997301,0.051710674
7.811423665,0.051678150
7.813842729,0.051740106
7.816262688,0.051718593
7.818682906,0.051629321
7.821172847,0.051749819
7.823497563,0.051574038
7.826022702,0.051722067
7.828360431,0.051634967
7.830822356,0.051585015
7.833201396,0.051541502
7.835622695,0.051590686
7.838016404,0.051577213
7.840435885,0.051509196
7.842858350,0.051482457
7.845281588,0.051483908
7.847705411,0.051546618
7.850127859,0.051511154
7.852547989,0.051564281
7.854975560,0.051555048
7.857395761,0.051559537
7.859818410,0.051528067
7.862239992,0.051471005
7.864665108,0.051517659
7.867083478,0.051502474
7.869508276,0.051490512
7.871927302,0.051368537
7.874529431,0.051627779
7.876776715,0.051441728
7.879215603,0.051404309
7.881629351,0.051405338
7.884042550,0.051457933
7.886468033,0.051348034
7.888887980,0.051467241
7.891307439,0.051369682
7.893732059,0.051395267
7.896152566,0.051415386
7.898576412,0.051378633
7.900996535,0.051402608
7.903419729,0.051367462
7.905842067,0.051264171
7.908279256,0.051355960
7.910687945,0.051398980
7.913109294,0.051386438
7.915531185,0.051345769
7.917954181,0.051335547
7.920374716,0.051350667
7.922797686,0.051341058
7.925220546,0.051315529
7.927642624,0.051337706
7.930065791,0.051225932
7.932491598,0.051321332
7.934909101,0.051294413
7.937333889,0.051318568
7.939755255,0.051254037
7.942177955,0.051184687
7.944605580,0.051229147
7.947029596,0.051245295
7.949445516,0.051258028
7.951901791,0.051316714
7.954297258,0.051206338
7.956738115,0.051228616
7.959136771,0.051199844
7.961656579,0.051267233
7.966100997,0.053274239
7.966408658,0.051134223
7.968823510,0.051126853
7.971327474,0.051224213
7.973678846,0.051114563
7.976258266,0.051213618
7.978640737,0.051162894
7.981019392,0.051112280
7.983439438,0.051584598
7.985862177,0.052061382
7.988286053,0.052542519
7.990782286,0.053101764
7.993130513,0.053577420
7.995553320,0.054085366
7.997983387,0.054578083
8.000416643,0.055100842
8.002815788,0.055486667
8.005242244,0.055952981
8.007671231,0.056509033
8.010081952,0.056981025
8.012504150,0.057371963
8.014959626,0.057887309
8.017352332,0.058393293
8.019775025,0.058931553
8.022238381,0.059421695
8.024626663,0.059871531
8.027061468,0.060359089
8.029483596,0.060844255
8.031896307,0.061286705
8.034330923,0.060543027
8.036732270,0.059637817
8.039154780,0.058784590
8.041580734,0.057926987
8.043998812,0.057140800
8.046437724,0.056412156
8.048860728,0.055558106
8.051290138,0.054724643
8.053705829,0.053827510
8.056111647,0.053037806
8.058535206,0.052270446
8.060960372,0.051402535
8.063378396,0.050591860
8.065802977,0.050530293
8.068222609,0.050523162
8.070659252,0.050506665
8.073071429,0.050506374
8.075518559,0.050563795
8.077914232,0.050517903
8.080345048,0.050549838
8.082761879,0.050550335
8.085181017,0.050515049
8.087604559,0.050553982
8.090041921,0.050526882
8.092446579,0.050484414
8.094897278,0.050513960
8.099016616,0.052154869
8.099729832,0.050433075
8.102140545,0.050432133
8.104558660,0.050465321
8.106993035,0.050510294
8.109407835,0.050403586
8.111828508,0.050414377
8.114253567,0.050442748
8.116674987,0.050406655
8.119175454,0.050417352
8.121521178,0.050387683
8.123938966,0.050338102
8.126364269,0.050384159
8.128794975,0.050388125
8.131208197,0.050320612
8.133629708,0.050307204
8.136059003,0.050363318
8.138479952,0.050343535
8.140905842,0.050298441
8.143344006,0.050327045
8.145749801,0.050340475
8.148172991,0.050370675
8.150596162,0.050384522
8.153017190,0.050356611
8.155442777,0.050359812
8.161690681,0.054176037
8.161700779,0.051763938
8.162723387,0.050336178
8.165145754,0.050357296
8.167568371,0.050390133
8.169991324,0.050322133
8.172412313,0.050317462
8.174838270,0.050318136
8.177259412,0.050330382
8.179678340,0.050283766
8.182102362,0.050290371
8.184523099,0.050287249
8.186945866,0.050293740
8.189369722,0.050196685
8.191791850,0.050200434
8.194212882,0.050202767
8.196676813,0.050235414
8.199059484,0.050128016
8.201486585,0.050114420
8.203923246,0.050209525
8.206341537,0.050182390
8.208746823,0.050145589
8.211169406,0.050141574
8.213657593,0.050101369
8.216020839,0.050061938
8.218436478,0.050005362
8.220862114,0.049984561
8.223285710,0.049976545
8.225701517,0.049893630
8.228131884,0.049959850
8.230549832,0.049985788
8.232977551,0.049966167
8.235392885,0.049991141
8.237813472,0.049907943
8.240252028,0.049930084
8.242673815,0.049863916
8.245123614,0.049871788
8.247505654,0.049746286
8.249926968,0.049746258
8.252350085,0.049750872
8.254767956,0.049741566
8.257190204,0.049691794
8.259633567,0.049665125
8.262063909,0.049636138
8.264495968,0.049628991
8.266886431,0.049577073
8.269304296,0.049649685
8.271724686,0.049565174
8.274148669,0.049546084
8.276554541,0.049553806
8.279030560,0.049588734
8.281452010,0.049559880
8.283842301,0.049530680
8.286336148,0.049538234
8.288695024,0.049548299
8.291111297,0.049529018
8.293594148,0.049509782
8.295949930,0.049418487
8.298466259,0.049511412
8.300805583,0.049382916
8.303235365,0.049441735
8.305647641,0.049448574
8.308065342,0.048953089
8.310487734,0.049771268
8.312910938,0.050270867
8.315331774,0.050807226
8.317754221,0.051240437
8.320178471,0.051729435
8.322597255,0.052100843
8.325016128,0.052687535
8.327445184,0.053132747
8.329867308,0.053456437
8.332291387,0.054020719
8.334716680,0.054560106
8.337127439,0.055044690
8.339549367,0.055341761
8.341970147,0.055872363
8.345127883,0.057028085
8.346827971,0.056801005
8.349239179,0.057242104
8.351660749,0.057742664
8.354088040,0.058196156
8.356509336,0.058673406
8.358912275,0.059191013
8.361327990,0.058406094
8.363754502,0.057564772
8.366179483,0.056690831
8.368595394,0.055834901
8.371014699,0.055025858
8.373443777,0.054149861
8.375867033,0.053364927
8.378288979,0.052505489
8.380703185,0.051664801
8.383134919,0.050827756
8.385544214,0.050057313
8.387995044,0.049249875
8.390396139,0.048410072
8.392826805,0.048391911
8.395239062,0.048355003
8.397675298,0.048364912
8.400077822,0.048345219
8.402514779,0.048364889
8.404931303,0.048314454
8.407381177,0.048237987
8.409801776,0.048246998
8.412204432,0.048278996
8.414638584,0.048228117
8.417049560,0.048248550
8.419470101,0.048203261
8.421894675,0.048184024
8.424315394,0.048184651
8.426753471,0.048175841
8.429216569,0.048212805
8.431601536,0.048061541
8.434045217,0.048142711
8.436456358,0.048063806
8.438899756,0.048088557
8.441335788,0.048146571
8.443693087,0.047908536
8.446122970,0.048005849
8.448569551,0.048068276
8.450986238,0.047988449
8.453415030,0.047939569
8.455828765,0.047897239
8.458261417,0.047889023
8.460703650,0.047898676
8.468143715,0.055329535
8.468510293,0.000366578
