0.040209903,0.040209903
0.040720855,0.000510952
0.082153826,0.040146100
0.082165726,0.040141687
0.082168696,0.040138424
0.083385663,0.041229219
0.084576966,0.042385649
0.085782608,0.043406502
0.087003994,0.044603969
0.088194361,0.045589480
0.089370047,0.046619409
0.090607320,0.047833084
0.122818897,0.040116853
0.126643419,0.040107366
0.126652047,0.040104298
0.129283835,0.040095964
0.129291160,0.040095721
0.131789605,0.040104468
0.131795761,0.040103638
0.134052490,0.040077289
0.134171538,0.040185457
0.136710964,0.040052381
0.136717319,0.040046085
0.138646600,0.040066203
0.139093204,0.040505041
0.140983244,0.040075417
0.141495023,0.040568110
0.143360927,0.040146800
0.143918213,0.040686917
0.145536293,0.040054199
0.146337972,0.040837933
0.147795008,0.040052666
0.163295863,0.040071566
0.164384612,0.040054414
0.167142947,0.040053197
0.168159754,0.040051623
0.168291102,0.040170701
0.170199588,0.040049866
0.170716275,0.040559058
0.172039552,0.040114367
0.173145276,0.041212520
0.174365143,0.040552445
0.175569526,0.041747531
0.176768910,0.041301705
0.178003483,0.042528693
0.179237485,0.042210453
0.180423726,0.043389385
0.181635778,0.043047561
0.182841441,0.044245853
0.184041458,0.043963930
0.185267899,0.045182793
0.186467242,0.045084829
0.187695701,0.046306180
0.188897397,0.046185475
0.190095380,0.047375999
0.191322045,0.047285188
0.192517168,0.048471208
0.193732368,0.048508955
0.194941873,0.049708415
0.196151100,0.049679096
0.197382118,0.050902955
0.198574187,0.050951187
0.199785226,0.052152513
0.200995557,0.052249564
0.202206499,0.053447875
0.203420000,0.053549347
0.204629733,0.054750406
0.205839288,0.054856675
0.207051623,0.056057229
0.208263505,0.056184332
0.209485547,0.057393525
0.210685102,0.057499031
0.213105589,0.049000622
0.215532675,0.050276018
0.217964651,0.049933068
0.220374974,0.051374135
0.222797295,0.052862099
0.224039561,0.053626055
0.225225349,0.054296530
0.226435892,0.055496924
0.227648936,0.055843545
0.228852396,0.056636585
0.230063056,0.057347741
0.231279233,0.057948830
0.232486098,0.058703984
0.233696887,0.059159017
0.234909075,0.059922234
0.236122153,0.060367276
0.237329426,0.061145992
0.238549180,0.061604887
0.239757682,0.062367773
0.240966448,0.062771873
0.242178524,0.063566196
0.243391016,0.063964715
0.244597250,0.064745058
0.245808469,0.065208714
0.247022506,0.066000847
0.248233314,0.066408633
0.249442252,0.067197889
0.250656709,0.067627608
0.251866424,0.068423198
0.253076277,0.068833501
0.254366760,0.069732384
0.255498100,0.070025800
0.256709598,0.070060159
0.257933431,0.070016651
0.259132752,0.070045138
0.260351587,0.070067364
0.261567193,0.070071746
0.266235976,0.073547224
0.266244951,0.072333672
0.266247538,0.071100968
0.266454421,0.070101393
0.267613086,0.070041778
0.268836495,0.070057870
0.271268139,0.070087144
0.276129531,0.072520216
0.276144922,0.070119715
0.278534422,0.070086168
0.280933915,0.071282241
0.283357116,0.070053866
0.285775018,0.069963038
0.288210668,0.069940728
0.290638882,0.069896892
0.293045812,0.069908883
0.295473988,0.071208383
0.297896237,0.071272083
0.300319247,0.071260721
0.302743233,0.071250948
0.305172298,0.071661550
0.307605300,0.072392751
0.310010540,0.072475928
0.312438278,0.072492227
0.314865090,0.072501967
0.317291914,0.072509644
0.319696299,0.072461456
0.322115950,0.072485042
0.324569098,0.072509797
0.326989261,0.072440935
0.329403002,0.072465492
0.331808493,0.073212196
0.334243388,0.073702645
0.336652691,0.070155492
0.339074950,0.071522881
0.341503203,0.071978896
0.343918544,0.072341137
0.346497143,0.069993893
0.348761434,0.071233729
0.351186402,0.071621881
0.353624172,0.072036828
0.356037395,0.072522255
0.358463881,0.072946414
0.360886697,0.073352654
0.363311240,0.073764159
0.365723250,0.073782787
0.368141128,0.073860813
0.370567033,0.073843942
0.372998313,0.073868121
0.375417373,0.073856374
0.377829323,0.073752384
0.380266455,0.073830991
0.382683069,0.074257438
0.385097611,0.074619639
0.387541208,0.074764727
0.389942717,0.074734632
0.392371909,0.074742544
0.394787691,0.074711548
0.397278625,0.074727578
0.399633414,0.074666518
0.402053039,0.074759428
0.404475872,0.074800522
0.406898121,0.076208378
0.409327397,0.076266053
0.411750881,0.076221076
0.414166173,0.076260205
0.416594228,0.076300370
0.419011819,0.076260557
0.421445408,0.076232918
0.423856429,0.076083034
0.426284829,0.076236339
0.428701768,0.076201257
0.431123522,0.076160936
0.433544774,0.076624430
0.435968744,0.076992672
0.438388904,0.077150942
0.440811498,0.077159458
0.444554285,0.078452429
0.445665426,0.077130199
0.448089489,0.077107025
0.450501549,0.077057991
0.452925207,0.077081655
0.456494621,0.078236620
0.457843692,0.078565527
0.460191598,0.078520601
0.462619991,0.078514742
0.465042310,0.078527965
0.467463405,0.078576440
0.469890398,0.078662654
0.472306051,0.078614260
0.474752027,0.078549136
0.477157719,0.078542341
0.479583857,0.078624435
0.481998118,0.078583207
0.484429445,0.079068777
0.486865795,0.079376622
0.489294075,0.079679404
0.491697190,0.079597784
0.494108614,0.079694346
0.496564339,0.079676358
0.498981572,0.079666193
0.501391082,0.079619668
0.503816057,0.079567042
0.506226817,0.079631573
0.508648246,0.081024254
0.511099219,0.081170216
0.513495610,0.081149013
0.515923736,0.081034582
0.518332996,0.081002981
0.520755893,0.081107047
0.523200008,0.081148168
0.525602582,0.079720726
0.528027915,0.080124138
0.530446360,0.080532468
0.532878118,0.080936054
0.535339222,0.081369558
0.537709600,0.080913300
0.540140786,0.082001791
0.542553207,0.082074529
0.544990903,0.082074241
0.547415213,0.082139902
0.549837419,0.082097786
0.552260857,0.082112650
0.554704508,0.082070516
0.557108087,0.082083535
0.559536664,0.083513534
0.561949844,0.083567400
0.564372744,0.083557552
0.566807800,0.083506042
0.569235695,0.083574994
0.571655153,0.083530645
0.574081285,0.083539070
0.576515349,0.083557208
0.578946796,0.083580956
0.581330520,0.083465338
0.583754416,0.083517684
0.586180467,0.083916909
0.588603000,0.084342406
0.591029973,0.084555817
0.593446744,0.084539235
0.595879883,0.084482115
0.598300603,0.084535689
0.600712493,0.084535205
0.603122869,0.084509575
0.605553792,0.084536074
0.608001265,0.084499099
0.610425462,0.085907893
0.612827287,0.085982988
0.615337350,0.086089929
0.617671854,0.085982623
0.620094724,0.085979399
0.625145887,0.088562865
0.625156654,0.086213791
0.627362030,0.085917093
0.629799136,0.085975905
0.632191737,0.085898341
0.639169671,0.090471726
0.639180397,0.088499754
0.639485570,0.086786092
0.641905358,0.086946741
0.644335810,0.087003892
0.646755502,0.087004656
0.649168762,0.086964093
0.651587539,0.086937333
0.654010923,0.086926799
0.656433860,0.086912006
0.658860525,0.086934598
0.661279051,0.088347248
0.663701377,0.088292878
0.666122085,0.088312898
0.668544837,0.088303266
0.670971857,0.088362362
0.673391172,0.088344939
0.675812912,0.088281633
0.678234900,0.088345303
0.680656210,0.088340789
0.683079738,0.088424585
0.685502521,0.088385646
0.687922022,0.088260321
0.690350913,0.089204887
0.692798210,0.089125403
0.695193516,0.089300589
0.697615113,0.089273941
0.700047222,0.089341643
0.702455255,0.089282658
0.704875747,0.089243882
0.707390725,0.089459843
0.709722037,0.089295864
0.712144883,0.090743208
0.714572675,0.088136060
0.716997731,0.088552762
0.719424603,0.088988794
0.721823802,0.089358126
0.724247170,0.089823951
0.726664971,0.086147030
0.729084736,0.086601822
0.731527513,0.086984262
0.733957125,0.087390954
0.736368062,0.087794376
0.738801407,0.088210551
0.741546354,0.088944051
0.743625999,0.089018240
0.746075264,0.089447593
0.748481456,0.089838592
0.750900676,0.090224727
0.753325361,0.090624451
0.755747579,0.090981713
0.758154848,0.091370891
0.760654683,0.091735986
0.763006292,0.092183634
0.765446835,0.092721328
0.767870807,0.093156524
0.770333462,0.093239069
0.772718011,0.093189285
0.775133426,0.093229438
0.777541450,0.093242116
0.779965930,0.093223212
0.782388195,0.093174479
0.784805295,0.093175620
0.787454244,0.093353560
0.789736741,0.093650961
0.792156877,0.093808439
0.794600043,0.094311630
0.796997393,0.094278254
0.799420130,0.094307797
0.801837828,0.094181452
0.807339479,0.097395779
0.807349733,0.094974405
0.809118260,0.094311631
0.811543040,0.094281823
0.815333891,0.097028244
0.816392175,0.095669269
0.818829324,0.095707537
0.821235706,0.095713267
0.823656882,0.095640504
0.826080962,0.095696543
0.828500875,0.095656855
0.831024505,0.095734135
0.833347854,0.095710450
0.835768284,0.095663149
0.838192077,0.095371998
0.840615051,0.095785789
0.843036202,0.096290859
0.845458658,0.096628841
0.847881541,0.096413160
0.850304715,0.096723146
0.852726369,0.096738454
0.855151340,0.096751619
0.857570291,0.096640383
0.859992897,0.096664863
0.862421173,0.096730527
0.864837390,0.098070745
0.867334969,0.098111365
0.869683214,0.098071061
0.872107031,0.098135708
0.874527960,0.098146083
0.876947953,0.098142214
0.879388122,0.098127435
0.881795518,0.098100763
0.884217540,0.098147148
0.886645940,0.097969242
0.889060399,0.098058119
0.891557808,0.098573499
0.893906108,0.098935112
0.896330090,0.099037289
0.898757034,0.099088104
0.901174053,0.099004008
0.903597070,0.095950572
0.906016043,0.097317104
0.908437797,0.097754985
0.910860457,0.098174542
0.913282882,0.097717841
0.915706052,0.098950950
0.918126918,0.099419937
0.920554369,0.099834504
0.922975525,0.100262045
0.925380340,0.100526811
0.927806695,0.100533039
0.930226664,0.100519889
0.932654349,0.100434658
0.935070793,0.100534512
0.937496955,0.100527138
0.939930972,0.100547170
0.942332293,0.100962078
0.946294516,0.102926897
0.947216320,0.101506005
0.949633829,0.101512166
0.952185890,0.101632158
0.954459718,0.101385079
0.956883954,0.101380333
0.959294413,0.101457441
0.961707115,0.101394605
0.964140177,0.101426322
0.966595613,0.102881297
0.968976209,0.102889477
0.971541264,0.102982667
0.973822701,0.102915103
0.976255736,0.102894887
0.978683919,0.102902535
0.981090101,0.102869584
0.983527694,0.102902612
0.985949571,0.102907684
0.988356666,0.102849391
0.990780551,0.102857227
0.993206997,0.103286540
0.995641207,0.103723651
0.998058117,0.103913788
1.000592880,0.104007506
1.002966958,0.103974902
1.005389269,0.103970811
1.007817811,0.104001470
1.010233422,0.103986273
1.012655527,0.103988053
1.015086310,0.104017573
1.017506079,0.105423958
1.019930231,0.105413414
1.022366157,0.105443562
1.024774869,0.105389252
1.027210052,0.105387434
1.029613534,0.105288702
1.032045192,0.105377590
1.034464423,0.105413628
1.036893164,0.105433223
1.039312830,0.105398548
1.041729998,0.105404636
1.044150259,0.105850766
1.046570398,0.106262725
1.048998250,0.106425758
1.051424184,0.104889766
1.053838407,0.106248150
1.056270382,0.106382372
1.058684883,0.106218873
1.061109493,0.106368958
1.063534311,0.106426472
1.065952803,0.106418712
1.068372045,0.107843342
1.070801581,0.107850510
1.073215846,0.107840966
1.075643337,0.107833674
1.078066698,0.107891403
1.080495663,0.107724677
1.082938779,0.107911939
1.085338363,0.107830892
1.087762819,0.107863661
1.090187821,0.107817558
1.092596670,0.107831502
1.095026564,0.108267746
1.097438774,0.108695988
1.099864030,0.108849749
1.102298880,0.108864737
1.104726915,0.108830892
1.107136807,0.108850712
1.109569942,0.108741524
1.112005175,0.108829238
1.114477624,0.108811907
1.116826285,0.108676017
1.119258217,0.110175406
1.121664908,0.110228677
1.124109651,0.110246417
1.126543327,0.110243312
1.128966966,0.110224076
1.131400051,0.110258209
1.133793907,0.110187195
1.136234506,0.110238788
1.138629161,0.110208051
1.141045494,0.110226067
1.143513792,0.110264708
1.145906999,0.110630060
1.148345972,0.111093547
1.150760605,0.111231866
1.153168338,0.111219700
1.155609733,0.111222153
1.158025873,0.111221778
1.160428613,0.111167381
1.164228700,0.112511738
1.165297861,0.111064272
1.167709717,0.111061118
1.170123739,0.112527038
1.172543420,0.112620386
1.179384846,0.117035727
1.179427664,0.114652261
1.179826479,0.112638067
1.182247324,0.112625562
1.184699867,0.112655359
1.187098811,0.112645783
1.189596191,0.112703992
1.191944347,0.112631230
1.194365329,0.112570367
1.196785914,0.113018593
1.199220141,0.113436483
1.201632305,0.113536439
1.204053761,0.113628337
1.206473347,0.113631192
1.209056980,0.113732786
1.211398026,0.113631932
1.213822477,0.113696014
1.216244148,0.113740704
1.218665626,0.113674245
1.221086682,0.115057153
1.223521164,0.114966468
1.225935193,0.115078537
1.228353942,0.115060939
1.230801058,0.115026692
1.233203253,0.115115405
1.235624634,0.115091929
1.238069942,0.114594877
1.240465496,0.115079066
1.242888932,0.114993984
1.245313002,0.114962130
1.247732200,0.115506382
1.250155418,0.115894236
1.252589919,0.116063774
1.255020064,0.116109477
1.257427038,0.116124855
1.259844959,0.116046202
1.262267397,0.116089604
1.264704004,0.116069479
1.267114550,0.115937608
1.269534734,0.116046015
1.271956812,0.117480247
1.274377934,0.117462009
1.276799821,0.117468755
1.279222628,0.117541427
1.281649395,0.116096014
1.284073507,0.116508742
1.286494869,0.116968101
1.288910455,0.117368643
1.291386198,0.117584279
1.293751166,0.112998202
1.296158634,0.113393704
1.298594620,0.113775280
1.301017894,0.114207500
1.303439274,0.114585727
1.305844304,0.115024219
1.308272337,0.115488682
1.310690023,0.115874316
1.313115653,0.116293525
1.315545872,0.116693830
1.317963064,0.117102578
1.320448915,0.117121578
1.322835318,0.118003162
1.324038371,0.119186452
1.325238798,0.118312164
1.326442773,0.119498585
1.327651249,0.118832298
1.328876877,0.119585519
1.331327471,0.119717030
1.333712939,0.119708262
1.336125648,0.119676569
1.338554181,0.119557022
1.340977151,0.119314540
1.347333752,0.123576002
1.347344588,0.121224429
1.348259422,0.121090331
1.350704449,0.121540147
1.353108683,0.121942497
1.356589764,0.123119512
1.357950627,0.122007222
1.360376230,0.122057792
1.362795519,0.122088388
1.365222208,0.122073732
1.367658811,0.122031973
1.370064268,0.122088855
1.372486339,0.122111140
1.374911037,0.122126611
1.377332831,0.122105984
1.379752597,0.122145711
1.382175818,0.122142147
1.384598618,0.122152947
1.387020949,0.122098897
1.389445266,0.122133412
1.391865596,0.122120807
1.394301959,0.122144726
1.396711178,0.122142744
1.399136474,0.123524692
1.401555699,0.123952668
1.403980537,0.124383996
1.406405662,0.124531350
1.408831082,0.124525346
1.411339281,0.124591585
1.413669186,0.124464383
1.416092207,0.124420087
1.418513141,0.124497808
1.421014350,0.124626159
1.423434791,0.124555506
1.425858840,0.124624330
1.428287320,0.124634295
1.430706084,0.124688977
1.433154363,0.124683543
1.435547169,0.124616920
1.437969207,0.124581213
1.440409764,0.124638858
1.442819982,0.124635643
1.445234305,0.124587308
1.447657539,0.124631766
1.448884256,0.124831319
1.450088719,0.126023378
1.452505049,0.126466668
1.454924501,0.126876082
1.457346983,0.125778906
1.459769054,0.125841642
1.462194213,0.125867693
1.464598100,0.125847307
1.467020170,0.125825526
1.469458793,0.121863704
1.471852297,0.123183656
1.474283287,0.123647884
1.476705562,0.124033479
1.479128820,0.124458141
1.481561133,0.124875234
1.483974329,0.125284884
1.486394737,0.125702373
1.488816894,0.126119667
1.491615974,0.126914590
1.493676963,0.126846456
1.496103308,0.127310473
1.498530118,0.127729227
1.500960318,0.128174445
1.503373100,0.128210769
1.505778929,0.128226857
1.508197270,0.128215221
1.510633356,0.128253482
1.513044383,0.128195352
1.515488881,0.128254268
1.517900740,0.128238325
1.520318921,0.128260553
1.522742165,0.128228859
1.525175450,0.128186824
1.527576912,0.129544173
1.529997893,0.129937748
1.532447652,0.130366769
1.536208680,0.131935539
1.537274880,0.130562221
1.539697590,0.130574666
1.542133261,0.130490890
1.544547707,0.130576271
1.546958183,0.130542477
1.549392187,0.130560569
1.551831444,0.130509407
1.554227164,0.130519073
1.556713582,0.130632453
1.559068319,0.130523176
1.561487192,0.130470316
1.563923034,0.130540559
1.566338522,0.130564537
1.568763955,0.130585041
1.571203456,0.130572728
1.573608285,0.130561256
1.576038443,0.130599126
1.578465018,0.131946114
1.579678086,0.131197553
1.580879661,0.132388108
1.582099348,0.131608353
1.583316145,0.132809973
1.584507880,0.131743180
1.585713288,0.132933555
1.586929012,0.131715974
1.589351645,0.131735913
1.591774671,0.131711396
1.594220678,0.131659251
1.596638285,0.131735295
1.599051889,0.131675408
1.601466813,0.131645262
1.603888721,0.133095667
1.606307263,0.133229585
1.608742817,0.133238129
1.611149655,0.133223310
1.613590994,0.133217710
1.616006916,0.133147149
1.618429295,0.133151407
1.620857013,0.133056076
1.623275034,0.133179705
1.625693056,0.132839809
1.628128293,0.133196730
1.630667638,0.133762678
1.633063806,0.134117060
1.635461053,0.134172098
1.637876254,0.134074954
1.640327687,0.134163580
1.642747389,0.134233856
1.645154356,0.134214916
1.647578036,0.134145577
1.650006646,0.134153456
1.652433967,0.134127510
1.654830051,0.135555928
1.657249346,0.135539365
1.659694787,0.135560832
1.662125614,0.135560116
1.664523653,0.135637108
1.666947458,0.135647760
1.669375815,0.135649384
1.671812429,0.134246993
1.674209345,0.134675681
1.676631189,0.135081162
1.679062964,0.135496753
1.681492002,0.135955842
1.683929437,0.136397952
1.686335433,0.136683162
1.688784417,0.136660332
1.691189590,0.136674076
1.693648344,0.136643574
1.696028523,0.136655901
1.698440286,0.136616003
1.700856259,0.136607209
1.704712560,0.138074399
1.705727263,0.138019400
1.708130693,0.138077781
1.710552125,0.138007627
1.712979447,0.138107297
1.719335242,0.143041196
1.719345497,0.142080634
1.719348294,0.139645130
1.720258933,0.138562479
1.722688002,0.138977938
1.725125921,0.139237541
1.727527780,0.137970461
1.729951686,0.139349946
1.732383083,0.139373678
1.734813769,0.139331371
1.737218942,0.139323038
1.739725808,0.139436529
1.742062560,0.139345786
1.744485262,0.139328664
1.746942222,0.139329585
1.749332617,0.139283032
1.751753120,0.139303504
1.754172458,0.139254001
1.756595897,0.139690535
1.759114845,0.140122554
1.761454748,0.140245384
1.763863724,0.140285543
1.766286521,0.140281197
1.768708619,0.140289978
1.771149650,0.140274119
1.773557105,0.140221777
1.775978538,0.140246588
1.778405080,0.140280872
1.780819076,0.141701929
1.783333743,0.141723662
1.785677629,0.141434126
1.788123389,0.141690143
1.790514725,0.141644586
1.792931704,0.141701235
1.795393856,0.141720089
1.797776511,0.141681175
1.800235860,0.141691079
1.802621282,0.141657430
1.805042731,0.141594879
1.807464145,0.142022402
1.809950867,0.142506326
1.812308267,0.142596341
1.814734829,0.142617269
1.817151684,0.142636356
1.819573428,0.142668207
1.821996220,0.142634838
1.824418793,0.142645164
1.826864019,0.142669588
1.829289859,0.142675640
1.831693307,0.144070207
1.834108735,0.144066893
1.836519276,0.144068688
1.838937826,0.144040012
1.841481605,0.144183019
1.843858255,0.144140735
1.846625753,0.144487551
1.848742964,0.142693681
1.851134349,0.143052603
1.853552801,0.143399553
1.855971051,0.143789986
1.858393339,0.144296212
1.860810201,0.141087817
1.863336638,0.142523229
1.864453181,0.143624865
1.865663653,0.142874209
1.866889959,0.144085091
1.868085460,0.143271731
1.869303051,0.144475421
1.870534274,0.143669316
1.871728455,0.144851644
1.872934157,0.144098043
1.874146208,0.145286670
1.875356277,0.144423312
1.876569897,0.145623088
1.878999422,0.146141448
1.883290132,0.147945174
1.883904728,0.146429748
1.886266102,0.146280010
1.888691294,0.146397585
1.891117422,0.146332582
1.895334374,0.148041177
1.895955098,0.146380769
1.898384447,0.146310063
1.900900816,0.146449985
1.903226385,0.146348818
1.905670082,0.146233719
1.908104895,0.147678478
1.910499452,0.148071314
1.912919521,0.148467344
1.915408347,0.148869304
1.917761863,0.148688688
1.920185735,0.148551174
1.922612301,0.148638481
1.925032254,0.148619902
1.927451113,0.148672965
1.929879604,0.148619614
1.932296804,0.148512513
1.934719002,0.148766485
1.937142536,0.148754288
1.939563521,0.148803739
1.941987234,0.148748732
1.944409903,0.148707908
1.946832434,0.148787989
1.949267161,0.148753113
1.951675378,0.148806396
1.954098469,0.148811138
1.956522468,0.148779560
1.958943901,0.150180294
1.961459418,0.150691655
1.963786620,0.151020483
1.966210162,0.151118465
1.968632063,0.151070428
1.971055393,0.151036526
1.973479493,0.150518307
1.975900278,0.150948548
1.978322767,0.151038542
1.980749339,0.151077597
1.983162622,0.151018666
1.985584985,0.151196941
1.988021266,0.151269811
1.990429838,0.151259002
1.992853714,0.151137889
1.995275188,0.151108490
1.997702962,0.150723486
2.000162191,0.151184670
2.002523812,0.151136452
2.004945428,0.151134573
2.007367332,0.151162432
2.009787386,0.152538514
2.012238257,0.152954078
2.014661111,0.153354948
2.015952182,0.152241718
2.017056978,0.153329278
2.018293081,0.153037719
2.020736782,0.152843356
2.023112362,0.153581258
2.025533044,0.153536940
2.027955333,0.153557692
2.030435182,0.153617193
2.032855949,0.152588019
2.035289589,0.150636008
2.037651613,0.151062450
2.040087643,0.151374647
2.042486497,0.151810785
2.044914245,0.152297574
2.047333874,0.151713666
2.049756069,0.153077066
2.052336408,0.153700955
2.054713031,0.153468311
2.057118108,0.153523955
2.059539367,0.153419850
2.061966464,0.154862620
2.064403716,0.154960196
2.066793150,0.154965910
2.069214112,0.155021245
2.071648678,0.154956130
2.075654566,0.156606710
2.076501037,0.155062043
2.078911637,0.155051361
2.081397731,0.155103861
2.083752548,0.155044055
2.086178893,0.154995960
2.088595089,0.155415942
2.091022834,0.155709616
2.093453350,0.155989266
2.095875635,0.156047240
2.098287364,0.156009117
2.100725782,0.155966292
2.103210494,0.156021291
2.105560712,0.155933776
2.107987946,0.155804074
2.110401583,0.155818396
2.112837709,0.157276802
2.115282741,0.157396239
2.117675854,0.157398293
2.120110643,0.157318591
2.122515104,0.157457324
2.124950979,0.157455322
2.127390292,0.157487006
2.129789193,0.157481449
2.132216474,0.157484113
2.134683754,0.157509128
2.137049403,0.157466089
2.139470272,0.157915561
2.141888309,0.158274919
2.144318240,0.158470836
2.146741874,0.158423528
2.149157390,0.158374196
2.151596353,0.158309621
2.154001452,0.158242699
2.156423541,0.158300115
2.158867926,0.158290597
2.161268097,0.158324313
2.163694924,0.159757177
2.166111448,0.159769208
2.168551423,0.159877297
2.170958562,0.159865115
2.173419283,0.159856595
2.175801855,0.159807346
2.177016235,0.160809665
2.178224528,0.160307462
2.179461637,0.160926759
2.180649549,0.159608153
2.181860658,0.160807373
2.184293340,0.160768520
2.186712015,0.160807981
2.189133619,0.160861363
2.191550461,0.160875003
2.193970467,0.160840401
2.196391703,0.160845982
2.198855267,0.160945029
2.201272949,0.160953128
2.203695499,0.160967577
2.206131120,0.160988097
2.208516786,0.160922400
2.210946195,0.160932925
2.213353968,0.162273754
2.215779200,0.162729424
2.218211375,0.163070849
2.220638048,0.163206659
2.223085836,0.163249595
2.225488984,0.163193370
2.227902210,0.163097706
2.230325832,0.163166935
2.232742159,0.163202766
2.235182120,0.163254322
2.237592500,0.161528986
2.240050032,0.162938786
2.246319094,0.167055511
2.246332012,0.164641396
2.247334791,0.163269436
2.249686112,0.163237020
2.252116082,0.163171118
2.259334744,0.168026766
2.259345216,0.165554432
2.259475492,0.163324034
2.261897222,0.163308258
2.264324700,0.164687373
2.266803962,0.165177912
2.269196698,0.165554810
2.271599615,0.165734797
2.274015943,0.165730528
2.276437335,0.165743706
2.278856860,0.165708867
2.281285514,0.165694865
2.283703562,0.165725972
2.286139046,0.165739673
2.288547976,0.165731891
2.290995747,0.165794327
2.293393766,0.165752027
2.295814313,0.165789709
2.298237912,0.165765935
2.300665035,0.165606716
2.303142770,0.165835869
2.305505585,0.165788709
2.307926731,0.165814272
2.310389048,0.165798918
2.312786432,0.165792489
2.315196450,0.167125015
2.317615090,0.167531837
2.320035681,0.167985432
2.322473805,0.168210571
2.324885033,0.168183323
2.327386139,0.168218070
2.329742765,0.168164500
2.332153245,0.168135510
2.334572820,0.168155629
2.336995630,0.168113743
2.339417754,0.168085003
2.341840537,0.168155328
2.344263434,0.168174750
2.345480849,0.168309156
2.346692035,0.169342804
2.347898753,0.168788066
2.349109696,0.169388312
2.350320678,0.169205885
2.351531365,0.169352654
2.353950216,0.169241428
2.356374696,0.169222659
2.358792006,0.169345016
2.361216917,0.169361549
2.363640138,0.169328798
2.366077042,0.169269827
2.368496293,0.169343070
2.370914211,0.169360841
2.373327909,0.169290686
2.375750715,0.169316221
2.378153802,0.169261482
2.380578186,0.169400822
2.382995156,0.169452308
2.385423940,0.169394637
2.387859822,0.169413974
2.390272978,0.169403032
2.392683802,0.170739230
2.395107773,0.171190108
2.397533720,0.171618291
2.399970532,0.171801400
2.402387267,0.171826980
2.404818480,0.171807689
2.407228930,0.171783938
2.409646366,0.171815819
2.412075643,0.171747637
2.414490151,0.167861350
2.416907684,0.169227550
2.419340269,0.169679038
2.423334845,0.171699150
2.424207658,0.170561608
2.426619915,0.166966283
2.429047751,0.168398010
2.431469575,0.168636719
2.433891759,0.169009639
2.437368586,0.170625600
2.438785246,0.169996702
2.441190950,0.170259824
2.443578765,0.170669763
2.446003563,0.171075127
2.448436059,0.171480954
2.450851240,0.171912676
2.453271414,0.172298332
2.455706985,0.172741359
2.458152444,0.173158033
2.460536471,0.173586700
2.462960023,0.173937247
2.465382122,0.173852771
2.467802481,0.173946462
2.470226397,0.174098638
2.472774591,0.174229740
2.475154152,0.174210741
2.477579504,0.174112163
2.479994107,0.174186100
2.482417348,0.174118014
2.484839633,0.174163722
2.487335582,0.174308737
2.489685379,0.174229667
2.492104356,0.174182404
2.494531243,0.175527929
2.496952676,0.175977716
2.499388385,0.176383037
2.501817125,0.176631051
2.504219635,0.176532592
2.506640978,0.176602926
2.509063497,0.176634816
2.511487182,0.176415833
2.513910843,0.176640911
2.516328802,0.176595781
2.518764296,0.176622400
2.519966660,0.176777051
2.521182791,0.176658127
2.522386496,0.176860845
2.523597642,0.177903958
2.524809881,0.177277222
2.526017698,0.177899780
2.528436815,0.177911469
2.530861236,0.176654171
2.533289264,0.176663215
2.535706355,0.176614585
2.538135182,0.176693324
2.540573553,0.176667456
2.543027105,0.176735343
2.545395063,0.178007375
2.547804811,0.178452099
2.550217072,0.178851773
2.552646946,0.179059191
2.555064318,0.178992048
2.557489808,0.179029427
2.559908818,0.178976403
2.562415982,0.179002972
2.564758813,0.179034006
2.567182120,0.178918478
2.569616061,0.179016797
2.572024639,0.179024793
2.574441073,0.178990385
2.576865577,0.179024025
2.579306915,0.179002337
2.581722280,0.179067781
2.584150246,0.179045868
2.586556392,0.179023463
2.588976133,0.179070033
2.591418070,0.179133185
2.593827339,0.179133883
2.596252689,0.180530698
2.598666353,0.180924357
2.601087181,0.181307857
2.603533685,0.179715876
2.605946431,0.181104839
2.608380999,0.181387789
2.610795635,0.181355186
2.613213444,0.181346736
2.617220587,0.182883239
2.618050622,0.180186711
2.620480522,0.181236815
2.622884360,0.181353479
2.625320599,0.181371951
2.627750399,0.181505812
2.630173189,0.181486819
2.632600382,0.181487533
2.635006661,0.181462024
2.637436556,0.181377936
2.639865223,0.181468330
2.642286753,0.181476410
2.644707049,0.181434774
2.647119547,0.182845733
2.649553725,0.183226979
2.651970339,0.183657083
2.654387640,0.183859536
2.656802877,0.183674638
2.659251216,0.183826474
2.661672438,0.183781982
2.664087298,0.183574008
2.666505307,0.183603247
2.668928591,0.183600701
2.671360686,0.183593810
2.673774014,0.183745861
2.676195152,0.183766564
2.678613027,0.183749917
2.681055367,0.183786924
2.683597911,0.183887490
2.685952416,0.183916572
2.688376619,0.183889274
2.690799122,0.183742725
2.693229396,0.183805916
2.695645670,0.183765888
2.698071601,0.185188145
2.700487473,0.185562012
2.702919021,0.185987779
2.704122342,0.184953070
2.705331963,0.186145074
2.706543538,0.185685312
2.707755217,0.186246323
2.708965665,0.186119503
2.710175863,0.186286633
2.711402549,0.186306888
2.713818085,0.185105667
2.716240645,0.184968659
2.718663598,0.184953584
2.721088539,0.184931373
2.723531722,0.186409147
2.725940912,0.186418586
2.728416397,0.186551258
2.730806043,0.186502151
2.733210775,0.186520760
2.735629354,0.186545129
2.738054727,0.186530852
2.740537928,0.186561808
2.742917244,0.186521959
2.745389615,0.186568192
2.747738765,0.186549066
2.750162870,0.186878272
2.752596875,0.187393169
2.755008176,0.187425464
2.757429843,0.187403076
2.759868054,0.187392681
2.762286880,0.187414403
2.764703605,0.187347917
2.767129930,0.187351205
2.769559005,0.187324974
2.771957649,0.187332864
2.774383851,0.188794564
2.776808529,0.188889033
2.779331845,0.189065977
2.784216073,0.191473179
2.784228831,0.189077442
2.786510110,0.188631760
2.788933701,0.188875877
2.791339559,0.188926460
2.793764310,0.188916870
2.799272785,0.192003247
2.799282503,0.189593099
2.801038193,0.189306115
2.803479124,0.189699887
2.805900230,0.188252068
2.808320152,0.189583258
2.810787591,0.189871160
2.813156311,0.189788446
2.815576268,0.189820887
2.817998891,0.189859940
2.820421730,0.189917420
2.822879419,0.189793242
2.825271045,0.191207252
2.827688489,0.191298763
2.830116234,0.191434432
2.832539049,0.191404698
2.834955899,0.191426524
2.837379280,0.191431135
2.839802310,0.191400305
2.842237140,0.191442831
2.844663966,0.191437520
2.847092690,0.191369300
2.849514073,0.191416900
2.851930654,0.191800537
2.854337451,0.192227801
2.856758664,0.192233957
2.859184484,0.192305244
2.861606636,0.192253829
2.864029806,0.192249384
2.866792165,0.192614064
2.868873641,0.192247449
2.871336953,0.192285278
2.873715124,0.192209232
2.876137900,0.193654261
2.878559547,0.193564254
2.881000274,0.193706219
2.883418466,0.193773797
2.885841402,0.193722833
2.888285525,0.193734134
2.890688956,0.193766215
2.893097559,0.193748720
2.895595669,0.193811236
2.896808657,0.193613145
2.898018833,0.193811303
2.899227076,0.194849406
2.900441272,0.194229926
2.901655125,0.195433414
2.904073203,0.195826189
2.906495639,0.196091374
2.908914138,0.194821520
2.911396193,0.194901376
2.913757137,0.194808905
2.916180305,0.194420175
2.918603383,0.194800025
2.921024758,0.194773829
2.923448293,0.194669811
2.925867761,0.196141014
2.928274993,0.196553950
2.930702747,0.196998072
2.933133811,0.197226900
2.935560965,0.197221737
2.937963294,0.197132097
2.940385062,0.197120490
2.942825775,0.197112273
2.945243606,0.197133451
2.947665754,0.197153855
2.950094321,0.197107794
2.952506962,0.197079421
2.954930711,0.197182367
2.957344369,0.197168901
2.959770688,0.197153565
2.965813268,0.200808531
2.965824035,0.198450912
2.967053431,0.197277671
2.969472916,0.197255169
2.971903361,0.197261928
2.975337159,0.198319274
2.976745713,0.198685329
2.979166979,0.199100624
2.981589775,0.197031067
2.984012365,0.198461878
2.986434255,0.198886755
2.988854920,0.199280103
2.991340464,0.199665489
2.993704255,0.199611134
2.996176011,0.196509617
2.998545474,0.197872192
3.000968945,0.198273021
3.003468778,0.198689593
3.005812714,0.199034827
3.008234350,0.199487445
3.010663931,0.199558003
3.013079562,0.199646539
3.015501801,0.199642312
3.017923782,0.199659281
3.020344833,0.199604552
3.022773686,0.199589520
3.025192237,0.199549911
3.027613751,0.200986194
3.229950537,0.399360753
3.231151962,0.352124809
3.266289610,0.366992018
3.280974470,0.379695571
3.282137378,0.333139665
3.314801099,0.359520036
3.318440061,0.320967183
3.342655597,0.338886798
3.343870262,0.314910027
3.345097638,0.153480348
3.347500883,0.115843377
3.349920542,0.117264205
3.352343110,0.118106482
3.354766131,0.118438527
3.355978965,0.118519118
3.357187022,0.118414203
3.358398823,0.118524150
3.359612636,0.118535822
3.360832998,0.118570721
3.362038343,0.118531338
3.363254460,0.118542711
3.364488690,0.118568345
3.365674688,0.118519265
3.366885398,0.118573028
3.368097487,0.118554116
3.369393869,0.118650122
3.370516003,0.118513664
3.371727373,0.118496899
3.372948300,0.118527756
3.374148208,0.118480068
3.375363428,0.118470747
3.376566072,0.118501719
3.377783099,0.118446897
3.378994097,0.118517720
3.380201843,0.118485443
3.381412798,0.118469900
3.382626386,0.118478220
3.383834224,0.118487052
3.385071330,0.118505761
3.386270961,0.119685550
3.387483196,0.119952831
3.388695024,0.121141774
3.389904844,0.121029459
3.391105728,0.122213611
3.392315942,0.122052474
3.393527020,0.123243843
3.394764353,0.123155804
3.395953074,0.123317778
3.397160902,0.123341009
3.398390300,0.123349322
3.399663742,0.123420577
3.400793260,0.123357685
3.402005510,0.123299340
3.403227753,0.123312777
3.404433452,0.123191011
3.408285679,0.127022805
3.408298026,0.126373183
3.408302242,0.126362148
3.409281912,0.126075674
3.410488019,0.127273467
3.411700267,0.126989748
3.412903908,0.128181112
3.419336655,0.133141793
3.419348989,0.133138702
3.419353479,0.131705960
3.419357131,0.130949962
3.419360424,0.129744779
3.420196803,0.129361177
3.421413640,0.129392153
3.422617656,0.129373819
3.423849873,0.129423050
3.425048000,0.129398620
3.426259209,0.129414702
3.427483528,0.129437726
3.428679677,0.129373491
3.430106865,0.110062544
3.431213311,0.087009093
3.432391947,0.088176361
3.433605654,0.088537913
3.434842134,0.089755927
3.436025245,0.088935580
3.437238620,0.090139746
3.438483639,0.089596020
3.439671675,0.090775191
3.440880111,0.089958713
3.442130293,0.091197326
3.443335026,0.090450331
3.444506558,0.091604069
3.445760272,0.090977377
3.446932481,0.092139551
3.448192919,0.091408978
3.449384346,0.092591547
3.450560416,0.091888229
3.451774423,0.093091396
3.453013643,0.092510701
3.454195879,0.093683952
3.455405111,0.093052762
3.456617456,0.094255073
3.457861201,0.093607684
3.459039884,0.094769490
3.460332283,0.094371100
3.461462297,0.095485826
3.462672349,0.094952992
3.463916212,0.096185885
3.465094494,0.095571439
3.466305149,0.096765510
3.467522090,0.096275803
3.468733936,0.097478223
3.469939960,0.096922311
3.471149429,0.098121658
3.472435160,0.097726751
3.473572569,0.098857371
3.474802251,0.098352867
3.475997287,0.099539002
3.477208025,0.098986303
3.478419321,0.100186245
3.479641140,0.099646773
3.480839559,0.100836080
3.482050888,0.100449748
3.483379147,0.101767291
3.484471930,0.101176176
3.485690093,0.102385517
3.486900654,0.101906169
3.488107169,0.103097560
3.489319931,0.102622010
3.490590470,0.103878017
3.491846833,0.103438064
3.492977077,0.104558243
3.494163423,0.104047005
3.495390708,0.105263423
3.496585070,0.104704890
3.497798020,0.105908784
3.499013142,0.105438098
3.500221859,0.106636780
3.501430609,0.106076112
3.502640576,0.107274791
3.503855186,0.106801233
3.505080036,0.108013080
3.506278935,0.107485544
3.507487977,0.108676515
3.508698725,0.108141557
3.509909192,0.109339286
3.511119970,0.108854684
3.512333091,0.110051596
3.513542559,0.109526671
3.514765394,0.110737273
3.515961727,0.110186636
3.517175435,0.111382019
3.518385756,0.110851947
3.519599264,0.112053024
3.520842252,0.111541524
3.522018957,0.112705736
3.523232371,0.112113893
3.524444540,0.113310548
3.525652996,0.112784375
3.526870407,0.113987992
3.528079986,0.113435571
3.529287246,0.114624566
3.530496793,0.114039497
3.531710994,0.115235327
3.532917468,0.114640240
3.534132935,0.115834616
3.535388586,0.115299530
3.536551976,0.116449263
3.537760846,0.115852513
3.538973870,0.117042852
3.540186419,0.116378771
3.541406270,0.117572006
3.547335673,0.121663903
3.547348725,0.121662591
3.547351458,0.119909780
3.547354301,0.119886308
3.547472288,0.118140485
3.548681445,0.119337316
3.549881257,0.118705157
3.551100392,0.119899581
3.552302971,0.119338222
3.553507450,0.120530528
3.554719431,0.120077173
3.555937588,0.121281205
3.557139502,0.120840445
3.558356669,0.122039298
3.559563104,0.121678939
3.560780812,0.122884065
3.561991203,0.122542805
3.563205427,0.123743723
3.564416255,0.123518150
3.565628616,0.124713921
3.566834944,0.124452847
3.568048078,0.125647677
3.569255645,0.125389580
3.570490054,0.126612261
3.571681422,0.126447304
3.572895001,0.127647650
3.574106300,0.127437534
3.575409993,0.128724326
3.576523412,0.128460512
3.577735154,0.129655189
3.578949333,0.129489061
3.580161308,0.130685351
3.581364672,0.130454285
3.582579987,0.131652063
3.583792079,0.131556851
3.585002099,0.132748749
3.586213020,0.132583536
3.587423823,0.133782377
3.588632068,0.133492021
3.589845744,0.134688666
3.591055857,0.134587644
3.592272276,0.135786330
3.593479833,0.135657628
3.594693301,0.136851293
3.595904698,0.136461648
3.597107839,0.137646378
3.598368912,0.137875398
3.599528543,0.139017829
3.600739034,0.138906039
3.601950448,0.140099940
3.603161986,0.139906276
3.604378024,0.141110572
3.605584032,0.140993323
3.606795425,0.142191587
3.608005300,0.141998458
3.609217397,0.143196953
3.610428829,0.142953180
3.611639575,0.144150133
3.612851987,0.144093453
3.614063854,0.145287396
3.615320209,0.145127499
3.616805066,0.146599264
3.617673200,0.145768884
3.618884327,0.146966862
3.620096609,0.147160303
3.621307216,0.147468451
3.622518257,0.147460978
3.623730142,0.147480206
3.624940256,0.147373622
3.626151793,0.147413626
3.627362771,0.147438630
3.628574864,0.147478099
3.629784308,0.147478900
3.630996948,0.147332939
3.632207096,0.147469559
3.633426833,0.147477040
3.634631712,0.147438728
3.635842190,0.147511453
3.637145456,0.147595102
3.638264128,0.147407656
3.639475515,0.147410076
3.640688145,0.147499652
3.641897038,0.147509719
3.643108177,0.148702741
3.644321141,0.148647094
3.645542703,0.148738730
3.646751697,0.148719930
3.647957700,0.148673520
3.649174169,0.148711426
3.650380259,0.148698504
3.651715818,0.148771364
3.652880647,0.148785259
3.654091765,0.148780469
3.655361248,0.148857859
3.656514061,0.148750279
3.657723956,0.148784685
3.658941331,0.148784883
3.660148173,0.148750202
3.661368224,0.148803956
3.662580689,0.148808440
3.663788014,0.148746938
3.664998448,0.148818192
3.666225128,0.148833518
3.667433882,0.148828698
3.668639551,0.148777663
3.669848949,0.148789334
3.671077464,0.148826539
3.672340243,0.148829175
3.673483937,0.149216484
3.674684628,0.150021195
3.675908789,0.150012480
3.677111557,0.149947787
3.678334398,0.149974646
3.679545592,0.150003693
3.680748718,0.150001834
3.682053743,0.150087032
3.683178721,0.150050017
3.684384095,0.150029697
3.685598103,0.149954996
3.686817416,0.150053815
3.688015563,0.150027444
3.689225818,0.149986751
3.690451725,0.150020933
3.691651139,0.150016533
3.692862306,0.145137804
3.694072319,0.146329321
3.695299838,0.146659684
3.696495725,0.147831098
3.697715620,0.147423759
3.698930264,0.148620373
3.700165391,0.148210934
3.701322571,0.149353950
3.702527974,0.148926646
3.703756259,0.150138776
3.704952467,0.149624614
3.706162633,0.150818423
3.707373006,0.150479599
3.708581700,0.151226069
3.709805316,0.151213364
3.711021364,0.151196777
3.712281396,0.151287297
3.713443415,0.151180179
3.714651523,0.151215017
3.715860281,0.151223984
3.717082437,0.151239171
3.718287781,0.151222151
3.719513151,0.151230752
3.720716653,0.151227803
3.721923765,0.151194872
3.723135391,0.151140182
3.724336828,0.151182759
3.725542316,0.151180198
3.726751370,0.151080962
3.727961724,0.151154468
3.730480626,0.152514707
3.730500585,0.151332148
3.731615285,0.151237877
3.732821538,0.151235403
3.734037637,0.151206213
3.735246538,0.152396899
3.736454820,0.152150946
3.737663837,0.152425886
3.738877472,0.152410124
3.740095762,0.152398205
3.741304142,0.152450079
3.742523317,0.152470566
3.743724254,0.152416773
3.744951728,0.152439230
3.746158245,0.152456314
3.747358140,0.152430641
3.748566824,0.152431440
3.749783094,0.152494060
3.750990177,0.152459056
3.752200766,0.152470351
3.753410828,0.152508203
3.754628478,0.152500572
3.755847422,0.152502903
3.757050545,0.152484232
3.758255666,0.152484695
3.759483386,0.152489031
3.760685262,0.152475134
3.761904525,0.152498970
3.763114689,0.152500565
3.764323064,0.152510514
3.765533609,0.152467428
3.766744089,0.153664943
3.767965303,0.153212536
3.769163873,0.153654108
3.770467224,0.153472970
3.771589053,0.153741804
3.772884456,0.153796506
3.774008953,0.153678589
3.775223210,0.153662009
3.776432882,0.153682952
3.777644813,0.153661177
3.778856123,0.153676816
3.780068248,0.153681215
3.781277322,0.153632620
3.782487379,0.153694137
3.783700613,0.153685274
3.784910988,0.153682625
3.786121652,0.153655909
3.787333043,0.153663616
3.788542942,0.153653264
3.789754519,0.153683007
3.790967322,0.153596575
3.792180088,0.153696936
3.793387107,0.153695680
3.794600001,0.153703078
3.795813630,0.153713708
3.797022059,0.153889898
3.798232497,0.154922090
3.799448752,0.154342228
3.800655918,0.154796197
3.801867270,0.154634316
3.803120266,0.154770320
3.804297179,0.154781034
3.805562500,0.154819685
3.806710468,0.154549503
3.807922382,0.154734085
3.810344203,0.154653445
3.812767327,0.154710274
3.815189498,0.154747908
3.817611553,0.154691959
3.820033734,0.154677252
3.822469717,0.154735035
3.824878408,0.154719402
3.827310491,0.154654307
3.829730593,0.155913055
3.832152922,0.155954536
3.834574633,0.155971419
3.836984220,0.156002304
3.839410615,0.156037913
3.841828944,0.156015526
3.844258083,0.156029691
3.846806033,0.156148173
3.849102382,0.156037995
3.851546274,0.156061231
3.853947875,0.156044402
3.856363286,0.156012188
3.858935121,0.156150546
3.861286002,0.156138374
3.863712040,0.156142737
3.866131284,0.157327933
3.868567944,0.157316035
3.870977120,0.157329843
3.873417761,0.157307652
3.875842906,0.157318087
3.878258965,0.157311574
3.880668229,0.157294105
3.883088976,0.157327135
3.885510884,0.157338303
3.887943071,0.157161918
3.890356761,0.157328288
3.892777502,0.157303086
3.895201127,0.157325832
3.899273036,0.158889064
3.900071040,0.157305545
3.902466577,0.157251124
3.904895614,0.158481247
3.907334721,0.158529958
3.911297416,0.160007808
3.912169497,0.158492736
3.914599367,0.158482411
3.917019918,0.158539578
3.919453922,0.158530719
3.921865441,0.158479946
3.924271707,0.158503881
3.926701600,0.158495523
3.929127948,0.158426219
3.931612584,0.158493672
3.934015481,0.158522653
3.936411405,0.158535551
3.938831410,0.158525609
3.941252232,0.159687271
3.943674351,0.159745452
3.946102253,0.159756504
3.948513554,0.159744023
3.950936869,0.159707505
3.953350339,0.159733013
3.955789519,0.159776935
3.958215306,0.159790422
3.960612108,0.159757783
3.963083266,0.159764686
3.965450888,0.159658097
3.967871503,0.159695078
3.970292026,0.159673872
3.972717990,0.159554426
3.975138889,0.159600820
3.977590793,0.159643911
3.980015464,0.159633439
3.982419869,0.159605775
3.984826606,0.159611670
3.987253114,0.159662560
3.989679262,0.159719386
3.992107542,0.159725609
3.994600507,0.159772994
3.996947621,0.159742333
3.999379601,0.159741434
4.001790598,0.159759669
4.004212713,0.159752037
4.006636661,0.159620359
4.009079390,0.159779744
4.011495166,0.159710638
4.013917104,0.159727828
4.016342006,0.161087943
4.018772644,0.161509261
4.021188080,0.161745815
4.023600561,0.162041099
4.026035326,0.161949575
4.028449803,0.161932744
4.030880929,0.161964541
4.033299556,0.161906472
4.035741432,0.161948188
4.038141763,0.161838205
4.040574136,0.161848821
4.043051496,0.161894322
4.045404732,0.161831474
4.047839996,0.161861395
4.050253951,0.161853847
4.052677408,0.161884124
4.055102834,0.161940996
4.057522971,0.161962773
4.059962064,0.160327455
4.062375046,0.161686155
4.064781743,0.162097406
4.067342184,0.162184153
4.069704208,0.162115244
4.072135591,0.160589242
4.074550151,0.161948157
4.076971257,0.162122335
4.083335341,0.166107093
4.083346444,0.163630199
4.084252429,0.162155237
4.086678744,0.162180615
4.089102813,0.162173097
4.095351388,0.167362633
4.095398281,0.165371131
4.096381808,0.164265346
4.098808865,0.164496316
4.101243651,0.164547535
4.103636490,0.164491109
4.106060232,0.164508212
4.108486276,0.164537874
4.110962928,0.164533914
4.113340992,0.164554155
4.115805527,0.164550164
4.118212367,0.164571008
4.120606938,0.164457934
4.123026025,0.164459742
4.125526008,0.164546660
4.127869326,0.164468701
4.130286094,0.164461657
4.132706078,0.164618058
4.135126972,0.164592324
4.137548933,0.164559981
4.139969654,0.164565027
4.142393173,0.164500660
4.144815020,0.164491183
4.147229005,0.164505585
4.149664235,0.164553797
4.152102874,0.164595008
4.154542465,0.164610095
4.156927147,0.164566484
4.159392735,0.164480680
4.161771287,0.164530654
4.164195553,0.164561693
4.166617969,0.164531663
4.169040053,0.164567774
4.171459708,0.164553378
4.173883604,0.165958967
4.176303550,0.166320828
4.178731353,0.166628658
4.181149410,0.166941761
4.183571702,0.166932652
4.185996791,0.166893914
4.188417842,0.166902845
4.190840903,0.166934004
4.193262403,0.166909919
4.195686035,0.166926844
4.198106107,0.166898147
4.200529529,0.166868243
4.202951938,0.166841666
4.205373482,0.166862037
4.207792171,0.166859038
4.210219111,0.166835243
4.212640992,0.166919972
4.215064894,0.166918043
4.217484553,0.166976456
4.219908195,0.166968186
4.222334604,0.166977717
4.224756898,0.166894158
4.227181756,0.166906608
4.229599444,0.166843129
4.232025462,0.166928977
4.234442724,0.166707099
4.236865480,0.166853163
4.239341738,0.166894502
4.241920282,0.167031290
4.244141662,0.166862026
4.246567916,0.162907656
4.249003511,0.164274116
4.251416015,0.164631579
4.253833435,0.164985484
4.256243447,0.165333567
4.258675399,0.165688924
4.261090159,0.165335836
4.263512749,0.166419811
4.265935833,0.166766545
4.268356443,0.167136641
4.270874323,0.167623388
4.273284118,0.167966894
4.275702787,0.168316421
4.278135852,0.168710884
4.280551176,0.169003701
4.282990647,0.169336555
4.285397324,0.169232483
4.287818599,0.169295884
4.290242274,0.169292078
4.292669311,0.169288442
4.295091406,0.169216563
4.297513632,0.169295474
4.299931054,0.169297077
4.302360575,0.169339997
4.304793913,0.169391926
4.307237621,0.169428491
4.309638433,0.169405220
4.312088145,0.169441681
4.314465380,0.169361673
4.316906291,0.169419855
4.319417147,0.169509064
4.321734218,0.169405995
4.324168859,0.169385856
4.326594495,0.169300946
4.329007618,0.169344376
4.331434348,0.169402841
4.333850448,0.169341851
4.336279610,0.169340891
4.338705226,0.169361074
4.341116809,0.169387930
4.343534556,0.169356159
4.345966813,0.170718777
4.348377570,0.171050477
4.350804689,0.171394586
4.353221264,0.171659318
4.355643298,0.171705739
4.358065427,0.171651152
4.360488701,0.171664241
4.362917137,0.171684908
4.365333160,0.171696349
4.367772774,0.171670933
4.370175257,0.171739976
4.372599013,0.171657504
4.375021556,0.171677569
4.377443614,0.171749787
4.379865913,0.171747609
4.382286056,0.171732879
4.384710265,0.171740741
4.387133536,0.171720856
4.389554167,0.171742298
4.391975020,0.171754987
4.394398470,0.171756559
4.396820458,0.171789090
4.399342303,0.171899697
4.401669442,0.171772733
4.404087383,0.171806312
4.406517625,0.171818523
4.408932753,0.171766182
4.411388119,0.171782171
4.413774476,0.171609557
4.416198933,0.171831277
4.418621272,0.171819723
4.421046848,0.171758663
4.423482396,0.171813287
4.425891391,0.171832630
4.428335013,0.171867904
4.430733623,0.171782174
4.433156078,0.173123846
4.435577387,0.173516384
4.437998711,0.173913458
4.440416562,0.174199994
4.442844651,0.174199960
4.445267652,0.174130254
4.448494395,0.174949222
4.450107229,0.174144598
4.452535572,0.174120201
4.454953813,0.174090562
4.457374883,0.174017193
4.459793900,0.174126006
4.462220857,0.174110957
4.464642920,0.174134302
4.467065527,0.174109893
4.469486379,0.174071633
4.471902552,0.174096520
4.474313649,0.174101308
4.476732046,0.174094490
4.479235268,0.174176358
4.481670930,0.174183340
4.484081142,0.174202035
4.486499176,0.174181016
4.488933448,0.174243370
4.491361423,0.174229653
4.493773042,0.174135723
4.496191877,0.174209525
4.498612347,0.174196272
4.501037303,0.174200440
4.503490550,0.174242903
4.505886344,0.174221878
4.508322750,0.174238473
4.510751131,0.174242212
4.513177252,0.174231626
4.515581385,0.174240584
4.518009768,0.174240487
4.520423759,0.174224795
4.522858025,0.175600045
4.525291852,0.175971999
4.527708639,0.176321536
4.530118367,0.176632461
4.532565055,0.176669842
4.534958974,0.176635773
4.537370269,0.176632060
4.539794589,0.176611379
4.542220734,0.176627330
4.544648258,0.176596419
4.547067219,0.176644918
4.549544274,0.176621865
4.551929679,0.176553601
4.554351560,0.176652994
4.556752473,0.176557914
4.559182765,0.176590890
4.561609918,0.176565296
4.564060767,0.176598595
4.566453084,0.176554024
4.568877415,0.176613387
4.571310019,0.176655989
4.573722533,0.176656737
4.576140899,0.176553935
4.578558553,0.176645133
4.580997121,0.176662558
4.583418260,0.176642689
4.585820045,0.176654860
4.588246965,0.176619820
4.590688166,0.176646542
4.593095574,0.176670123
4.595525632,0.176664345
4.597933665,0.176647874
4.600355095,0.176635752
4.602779555,0.176664585
4.605200745,0.176635775
4.607624661,0.176638011
4.610043764,0.176661886
4.612467693,0.176654106
4.614908828,0.176704212
4.617329453,0.176722388
4.619758532,0.176702255
4.622160657,0.176670267
4.624578595,0.175871238
4.627007840,0.176701402
4.629428772,0.177587983
4.631852628,0.177956336
4.639336465,0.183340620
4.639347001,0.181335190
4.639350222,0.179309470
4.641569105,0.179118849
4.646219156,0.181305331
4.646401773,0.179099736
4.648830999,0.179096930
4.651334386,0.179093829
4.653676160,0.179125238
4.656097255,0.179096681
4.658520681,0.179043676
4.661014775,0.179102430
4.663394122,0.179025318
4.665790048,0.178974108
4.668211198,0.179015731
4.670630122,0.178997086
4.673056553,0.179041090
4.675476188,0.179033768
4.677900031,0.179022644
4.680323579,0.179039351
4.682835628,0.179044474
4.685257565,0.179119538
4.687675169,0.179095827
4.690095164,0.179120537
4.692513544,0.179083754
4.694940697,0.179109195
4.697356753,0.179092568
4.699779003,0.179144032
4.702200589,0.179014002
4.704626901,0.179089514
4.707047415,0.179101657
4.709469332,0.179111150
4.711893933,0.179117406
4.714328488,0.179113540
4.716735669,0.179099839
4.719160117,0.179137903
4.721882647,0.179453382
4.724002389,0.179134533
4.726423791,0.179123892
4.728847420,0.179094932
4.731333862,0.179099365
4.733693373,0.179079950
4.736115886,0.180413501
4.738538425,0.180794341
4.740971085,0.181169407
4.743391733,0.181502948
4.745804158,0.181479124
4.748226867,0.181467835
4.750649402,0.181504692
4.753071731,0.181474268
4.755492185,0.181509775
4.757915246,0.181481820
4.760339582,0.181458124
4.762761940,0.181476412
4.765190288,0.181508292
4.767604232,0.181518223
4.770041072,0.181494791
4.772452130,0.181466518
4.774872408,0.181482475
4.777294533,0.181478593
4.779717199,0.181487574
4.782140482,0.181516006
4.784562002,0.181533422
4.786985106,0.181522336
4.789407302,0.181512235
4.791827675,0.181540925
4.794251444,0.181490979
4.796678517,0.181394539
4.799096552,0.181522333
4.801539605,0.181526258
4.803939090,0.181568301
4.806368330,0.181541623
4.808790450,0.181546625
4.811215903,0.181554638
4.813628101,0.181543515
4.816051378,0.176294198
4.818483875,0.177649407
4.820895588,0.177981706
4.823404284,0.178468425
4.825747061,0.178737648
4.828178659,0.179105807
4.830589610,0.179439550
4.833010929,0.179784561
4.835434398,0.180142851
4.837864185,0.180483730
4.840282593,0.180826449
4.842701771,0.181198897
4.845125500,0.181443851
4.847545629,0.181549452
4.849970891,0.181542882
4.852391346,0.181554865
4.854814293,0.181505676
4.857234373,0.181572770
4.859658338,0.182924794
4.862093147,0.183274989
4.864503286,0.183641366
4.866950963,0.183857751
4.869347456,0.183821974
4.871772073,0.183703493
4.874186506,0.183839725
4.876609660,0.183820657
4.879031904,0.183794857
4.881451610,0.183805333
4.883886843,0.183783485
4.886310689,0.183801139
4.888808352,0.183917082
4.891221729,0.183927299
4.893629018,0.183907387
4.896043717,0.183875380
4.898464572,0.183894434
4.900886339,0.183859813
4.903330577,0.183899382
4.905752773,0.183617776
4.908209612,0.183921133
4.910591916,0.183903420
4.913006012,0.183881677
4.915438906,0.183839573
4.917857255,0.183902184
4.920278444,0.183870487
4.922723127,0.183923192
4.925124558,0.183893070
4.927548775,0.183852522
4.929970766,0.183937992
4.932403720,0.183954117
4.934824365,0.183898000
4.937264139,0.183966701
4.939694103,0.183867839
4.942104295,0.183937122
4.944519079,0.183922687
4.946947051,0.183924554
4.949372152,0.183946537
4.951786619,0.183928921
4.954216616,0.183958832
4.956641157,0.183950959
4.959069888,0.183990350
4.961488892,0.183983730
4.963912172,0.183884349
4.966316150,0.183902685
4.968752593,0.183932522
4.971181293,0.183952827
4.973579686,0.183945314
4.976010550,0.183912927
4.978438118,0.183957346
4.980851595,0.183882469
4.983369084,0.185350776
4.985700496,0.185601169
4.988124789,0.185975329
4.990545844,0.186327369
4.992956087,0.186314728
4.995369182,0.186263726
4.997799107,0.186230882
5.000204593,0.186180394
5.002628760,0.186093512
5.006478003,0.187506673
5.007480658,0.186081579
5.009894098,0.186125835
5.012331400,0.186239247
5.016975817,0.188417078
5.017167520,0.186230024
5.019618275,0.186281129
5.022020898,0.186258062
5.024439866,0.186301193
5.026935386,0.186342944
5.029280553,0.186028804
5.031726919,0.186264524
5.034190657,0.186303874
5.036562220,0.186276403
5.039008228,0.186257358
5.041417675,0.186286784
5.043855695,0.186199990
5.046255502,0.186169090
5.048681670,0.186244676
5.051091113,0.186333561
5.053536539,0.186309482
5.055934935,0.186329788
5.058377587,0.186332064
5.060780766,0.186330652
5.063238771,0.186381765
5.065645044,0.186369707
5.068072378,0.186365433
5.070483215,0.186266497
5.072901303,0.186327633
5.075328473,0.186245802
5.077738161,0.186224346
5.080173007,0.186207254
5.082606586,0.186245442
5.085022673,0.186218361
5.087443671,0.186305471
5.089862485,0.186247499
5.092407925,0.186385863
5.094824827,0.186323443
5.097184234,0.186291841
5.099605588,0.186296724
5.102113552,0.186386423
5.104472433,0.186331573
5.106875698,0.186314096
5.109292824,0.187610512
5.111740668,0.188039730
5.114136462,0.188351121
5.116565964,0.188676662
5.118984861,0.188694090
5.121403869,0.188651177
5.123831356,0.188667483
5.126301234,0.188714297
5.128675897,0.188644808
5.131120035,0.188686138
5.133524877,0.188681293
5.135943811,0.188674275
5.138368047,0.188659004
5.140788117,0.188684976
5.143242062,0.188697084
5.145664920,0.188656209
5.148071827,0.188652085
5.150492475,0.188671724
5.152913600,0.188674292
5.155349723,0.188717355
5.157768669,0.188698253
5.160178250,0.188696540
5.162605086,0.188753332
5.165070744,0.188755605
5.167456928,0.188686959
5.169853528,0.188631806
5.172313668,0.188568897
5.174716338,0.188715861
5.177139673,0.188751919
5.179558149,0.188738263
5.181977580,0.188700834
5.184393046,0.188747586
5.186847807,0.188779774
5.195228953,0.194720270
5.195240248,0.192215286
5.195243112,0.188470670
5.196530802,0.188674159
5.198951711,0.188709519
5.201370433,0.188697339
5.203788411,0.186505014
5.206224190,0.187784207
5.208656639,0.188211902
5.211069702,0.188554145
5.213492127,0.188755210
5.215906693,0.188624784
5.218357379,0.188831538
5.220752834,0.188772062
5.223184073,0.188742251
5.225615904,0.188803476
5.228033801,0.188774875
5.230461287,0.188798491
5.232869971,0.188749968
5.235339994,0.188774505
5.237716155,0.190120317
5.240133445,0.190472193
5.242562477,0.190862037
5.244979800,0.191205108
5.247394302,0.191174061
5.249822050,0.191178722
5.252242478,0.191181659
5.254665920,0.191126007
5.257089644,0.191102502
5.259509744,0.191141154
5.261946575,0.191146099
5.264361910,0.191206504
5.266789835,0.191185512
5.269198220,0.191219058
5.271623739,0.191192296
5.274044484,0.191114833
5.276465399,0.191152742
5.278886669,0.191178596
5.281327860,0.191178910
5.283736428,0.191056550
5.286180654,0.191076399
5.288597038,0.191107170
5.291001884,0.191117717
5.293424455,0.191015337
5.295847500,0.190986940
5.298348458,0.191135691
5.300784985,0.191187741
5.303203677,0.191214336
5.305613953,0.191245770
5.308038176,0.191244202
5.310463512,0.191246067
5.312926538,0.191266174
5.315396215,0.191238967
5.317726665,0.191086706
5.320148820,0.191177068
5.322573674,0.191214409
5.325078137,0.191322848
5.327413884,0.191170983
5.329838695,0.191246729
5.332277478,0.191261462
5.334686968,0.191172470
5.337104969,0.191209651
5.339526987,0.191202594
5.341954054,0.191235812
5.344380178,0.191193769
5.346958457,0.191371676
5.349217912,0.191159940
5.351639930,0.191224612
5.354074165,0.191233354
5.356484379,0.191201829
5.358905994,0.191201716
5.361327383,0.191256126
5.363749129,0.191181622
5.366173109,0.191158455
5.368594967,0.192558499
5.371016193,0.192922153
5.373441913,0.193274772
5.375859329,0.193631395
5.378279800,0.193566998
5.380708227,0.193525860
5.383131795,0.187478147
5.385553736,0.188862040
5.387971998,0.189150624
5.390390647,0.189605411
5.392820722,0.189980582
5.395335835,0.190400593
5.397664170,0.190611951
5.400086227,0.190971174
5.402508913,0.191313182
5.404939432,0.191649523
5.407410563,0.192048120
5.409775768,0.192334365
5.412198144,0.192633304
5.414622250,0.193026830
5.417043898,0.193357227
5.419464785,0.193530737
5.421887118,0.193572064
5.424310836,0.193565106
5.426732326,0.193561778
5.429153367,0.193504146
5.431580377,0.193532121
5.434001470,0.193515647
5.436424110,0.193495917
5.438852169,0.193526555
5.441270079,0.193570803
5.443687005,0.193579654
5.446107044,0.193600926
5.448532594,0.193635441
5.450950586,0.193603377
5.453398066,0.193643372
5.455797706,0.193598489
5.458240909,0.193659220
5.460627433,0.193597881
5.463045308,0.193619574
5.465464481,0.193626935
5.467915022,0.193657686
5.470318004,0.193632695
5.472773157,0.193665707
5.475178656,0.193528168
5.477596348,0.193505597
5.480013984,0.193541193
5.482430859,0.193533872
5.484857063,0.193566568
5.487277244,0.193571011
5.489722659,0.193563943
5.492158089,0.193542977
5.494554375,0.193545114
5.496976653,0.193517299
5.499525722,0.193620876
5.501899705,0.193531577
5.504361434,0.193565219
5.506763309,0.194915256
5.509158104,0.195265041
5.511578644,0.195626617
5.513992419,0.195903639
5.516413698,0.195923655
5.518838516,0.195957996
5.521258419,0.195825398
5.523722874,0.195929910
5.526120529,0.195979246
5.528599075,0.195930532
5.530963776,0.195920348
5.533388710,0.195938016
5.535797326,0.195915312
5.538225087,0.195886574
5.540637468,0.195851355
5.543085400,0.195700135
5.545512717,0.196037180
5.547951312,0.196004042
5.550331113,0.195884209
5.552775275,0.195932597
5.555199505,0.195946855
5.557645368,0.196037664
5.560044757,0.195996988
5.564379527,0.197927500
5.564881270,0.196015339
5.567310974,0.196015072
5.569734020,0.195963351
5.572157923,0.195935430
5.576519870,0.197895415
5.577008776,0.195963002
5.579417307,0.195976488
5.581844756,0.195996936
5.584269013,0.195961570
5.586679177,0.195918413
5.589105665,0.196009027
5.591523894,0.195901210
5.593949120,0.195945104
5.596368408,0.196034159
5.598811197,0.196001439
5.601225389,0.196036235
5.603631303,0.195972401
5.606062220,0.196050229
5.608462561,0.195974913
5.610901106,0.195948105
5.613317580,0.196026938
5.615742401,0.196026704
5.618210442,0.196059912
5.620604592,0.196036045
5.623015336,0.196008253
5.625427920,0.196004694
5.627849600,0.196018775
5.630270819,0.196013525
5.632688647,0.196005119
5.635141895,0.195951504
5.637538333,0.195967285
5.639962211,0.196059865
5.642388537,0.196049386
5.644817118,0.196011380
5.647243754,0.196051252
5.649675790,0.195999294
5.652073654,0.195994571
5.654525846,0.196057604
5.656930375,0.196087009
5.659347520,0.196057977
5.661782159,0.196098917
5.664199151,0.196023122
5.666610346,0.196051877
5.669057482,0.196045727
5.671469368,0.196055956
5.673916914,0.196125606
5.676320672,0.196063548
5.678778424,0.196116976
5.681163304,0.195995732
5.683591283,0.196040605
5.685993466,0.196011995
5.688448801,0.196053907
5.690885078,0.196089652
5.693297292,0.196059549
5.695694965,0.195939693
5.698125398,0.195938943
5.700520487,0.195810876
5.703023159,0.197306419
5.705440926,0.197622847
5.707882992,0.197964120
5.710348056,0.198280600
5.712710448,0.198442110
5.715134902,0.198428440
5.717554821,0.198472263
5.719977741,0.198404336
5.722400377,0.198326626
5.724828383,0.198408638
5.727252232,0.198320815
5.729661575,0.198390590
5.732093103,0.198464972
5.734512945,0.198462111
5.736941102,0.198442684
5.739364713,0.198439997
5.742028173,0.198596762
5.744203774,0.198449251
5.746626332,0.198385426
5.751337171,0.200756623
5.755337111,0.202146023
5.755348476,0.199801589
5.756335832,0.198356291
5.758757634,0.198321240
5.761371341,0.196638237
5.763604961,0.197765484
5.766034463,0.198147259
5.768453251,0.198325899
5.770874783,0.198400324
5.773297032,0.196477115
5.775714962,0.197771340
5.778140234,0.198161397
5.780562463,0.198395250
5.782991511,0.198385532
5.785406346,0.198336644
5.787833131,0.198340724
5.790251547,0.198364559
5.792673484,0.198380591
5.795096428,0.197902146
5.797518593,0.198381196
5.799941105,0.198448320
5.802368589,0.198468420
5.804783714,0.198470279
5.807228919,0.198496897
5.809631468,0.198463367
5.812081649,0.198504800
5.814474475,0.198466966
5.816914450,0.198444368
5.819401809,0.198524422
5.821759897,0.198482744
5.824166432,0.198460196
5.826588033,0.198476731
5.829009827,0.198498742
5.831428950,0.198489115
5.833854474,0.198432205
5.836275516,0.198382203
5.838700404,0.198384688
5.841121684,0.198351999
5.843543022,0.198402829
5.845966424,0.198302959
5.848408737,0.198465291
5.850817610,0.198464911
5.853233319,0.198386630
5.855655190,0.198490829
5.858076076,0.198448516
5.860500034,0.198440264
5.862924143,0.198458913
5.865343689,0.198352199
5.867767909,0.198397824
5.870190027,0.198398198
5.872626343,0.198374557
5.875032933,0.198407989
5.877456769,0.198347507
5.879879475,0.198421974
5.882301867,0.198434995
5.884724474,0.198486750
5.887143567,0.198349005
5.889567994,0.198434835
5.891991870,0.198458233
5.894413269,0.198476076
5.896835039,0.198482745
5.899334919,0.199852650
5.901679703,0.200162397
5.904102454,0.200470911
5.906607208,0.200861735
6.108947376,0.204491089
6.232899897,0.326036134
6.233807224,0.148897061
6.235005017,0.125670576
6.237013038,0.126103976
6.237418772,0.126500899
6.238635311,0.124510282
6.239840656,0.125695993
6.241085444,0.123745570
6.242336184,0.124987327
6.243496244,0.123171305
6.244657508,0.124321893
6.245867612,0.122520113
6.247121953,0.123766214
6.248352112,0.122036299
6.249517233,0.123190546
6.251935201,0.122667117
6.255017955,0.122839633
6.256769107,0.121866152
6.259211332,0.121656329
6.261614567,0.121398841
6.264037150,0.121221951
6.266456597,0.121079945
6.268891286,0.120987976
6.271334119,0.121028189
6.273731743,0.121000230
6.276156348,0.121107480
6.278573760,0.121145151
6.281084556,0.121350559
6.283451014,0.121539101
6.285838808,0.121662256
6.288259392,0.121997752
6.290684525,0.122146881
6.293105697,0.122131661
6.295550911,0.122188295
6.297947123,0.121759810
6.300379326,0.122180263
6.302842218,0.122157124
6.305227439,0.118617352
6.307719261,0.120210010
6.310074708,0.120764435
6.312501953,0.120956510
6.314933046,0.118311104
6.317331018,0.119817668
6.319768784,0.120537980
6.322195286,0.120987987
6.324601709,0.120841574
6.327015955,0.120948757
6.329451712,0.120907573
6.331886562,0.120431245
6.334297796,0.120969491
6.336794363,0.120971640
6.339172611,0.120944045
6.341562156,0.120843690
6.343983395,0.120542435
6.346413523,0.120936073
6.352155937,0.124241091
6.352166870,0.121874402
6.353691775,0.120555422
6.356110887,0.122328841
6.358533332,0.123385457
6.360959106,0.123686873
6.363458617,0.123680057
6.365803609,0.124362760
6.368229844,0.124746796
6.370650335,0.125179756
6.373069867,0.125633482
6.375491439,0.126123004
6.377921361,0.126581096
6.380343051,0.127081124
6.382754924,0.127502865
6.385195941,0.128056947
6.387619359,0.128574045
6.390034693,0.129104614
6.392456010,0.129555320
6.394876611,0.130155615
6.397295407,0.130671927
6.399721118,0.131209335
6.402144312,0.131736417
6.404571161,0.132304663
6.406988779,0.132853359
6.409408156,0.133398221
6.411831835,0.133931338
6.414253963,0.134505219
6.416675313,0.135071615
6.419098437,0.135603381
6.421520745,0.136198443
6.423944290,0.136729465
6.426364273,0.137324705
6.428789452,0.137838986
6.431220328,0.138373844
6.433633063,0.138944192
6.436052635,0.139512468
6.438475482,0.140112019
6.440899343,0.140302882
6.443388486,0.140260882
6.445743282,0.140249060
6.448292217,0.140257871
6.450666208,0.140318374
6.453107836,0.140375084
6.455510855,0.140287858
6.457932685,0.140355641
6.460355344,0.140319542
6.462793816,0.140370090
6.465200303,0.140319280
6.467624877,0.140330119
6.470043696,0.140377087
6.472472589,0.140290643
6.474890559,0.140301665
6.477322067,0.140232877
6.479733470,0.141683221
6.482159774,0.142286756
6.484581247,0.142756788
6.487004421,0.142687589
6.489425199,0.142232339
6.492109232,0.139565781
6.494273910,0.140817284
6.496694072,0.141443176
6.499115155,0.142050390
6.501537032,0.142596656
6.503956260,0.142713401
6.506382421,0.142641456
6.508804081,0.142625540
6.511226888,0.142666330
6.513667368,0.142613584
6.516071478,0.142644436
6.518518176,0.142690709
6.520917763,0.142572296
6.523388854,0.142718714
6.525758383,0.142656085
6.528180839,0.142679896
6.530602428,0.142712596
6.533028754,0.142756411
6.535441947,0.142677999
6.537873702,0.142690870
6.540295923,0.142748311
6.542716425,0.142749789
6.545140922,0.142802146
6.547562120,0.142758733
6.549984890,0.142760621
6.552407055,0.142812094
6.554832007,0.142778561
6.557253357,0.142809819
6.559675357,0.142807348
6.562098664,0.142775463
6.564518608,0.142801128
6.566940916,0.142716686
6.569369440,0.142739492
6.571790090,0.142734515
6.574234033,0.142755325
6.576635429,0.144123207
6.579055345,0.144569845
6.581475532,0.144978064
6.583900725,0.145117018
6.586319471,0.145039037
6.588757465,0.144999229
6.591197229,0.145053341
6.593606670,0.145021367
6.596030068,0.145035920
6.598426137,0.145068317
6.600849675,0.145035069
6.603320308,0.145089174
6.605690470,0.145102421
6.608114416,0.145018515
6.610538174,0.144986103
6.612965887,0.144902640
6.615398592,0.144974202
6.617789482,0.144903665
6.620207324,0.145017346
6.622635677,0.145005838
6.625049628,0.144995546
6.627474693,0.144956303
6.629925330,0.144974537
6.632346972,0.144996730
6.634848842,0.145060245
6.637178737,0.144730267
6.639620503,0.145044102
6.641995136,0.145006498
6.644443544,0.145043972
6.646872829,0.145088043
6.649275181,0.145075010
6.651722960,0.145104800
6.654285316,0.145234804
6.656638671,0.145127687
6.659048227,0.145157566
6.661482925,0.145182268
6.663908153,0.145061265
6.666303853,0.145080799
6.668734309,0.145067246
6.671171498,0.145013722
6.673604057,0.145057796
6.676010567,0.145025229
6.678435807,0.145020050
6.680878327,0.145065945
6.683304699,0.145131764
6.685718848,0.145104133
6.688160290,0.145152451
6.690598026,0.145110247
6.693051915,0.145238742
6.695455224,0.145201565
6.697817572,0.145175607
6.700235941,0.145134139
6.702657919,0.145118091
6.705078887,0.145090890
6.707512380,0.145157784
6.709914559,0.145141313
6.712336036,0.146447369
6.714770661,0.146837682
6.717188234,0.147083317
6.720871825,0.148630869
6.722059644,0.147370910
6.724460757,0.147378923
6.726880580,0.147374025
6.729309789,0.147393757
6.732939060,0.148666818
6.734150466,0.147476061
6.736569566,0.147445005
6.738995173,0.147453395
6.741401428,0.147486736
6.743858629,0.147455166
6.746274339,0.147539312
6.748690505,0.147608571
6.751139065,0.147561380
6.753555215,0.147589021
6.755947502,0.147532165
6.758382599,0.147533706
6.760805579,0.147450050
6.763238575,0.147420873
6.765653946,0.147453997
6.768054662,0.147493652
6.770475066,0.147493735
6.772909173,0.147479053
6.775331836,0.147434536
6.777744467,0.147406349
6.780166241,0.147483539
6.782620200,0.147492458
6.785020117,0.147539710
6.787451244,0.147532192
6.789855141,0.147606724
6.792286425,0.147599326
6.794815241,0.147707783
6.797131830,0.147625131
6.799576541,0.147618236
6.801972885,0.147487772
6.804398912,0.147524311
6.806852086,0.147590781
6.809241462,0.147517926
6.811673032,0.147525025
6.814130248,0.147606770
6.816519240,0.147484972
6.818950257,0.147450849
6.821352268,0.147442362
6.823780729,0.147529719
6.826205732,0.147521874
6.828614170,0.147472213
6.831078013,0.147511820
6.833479420,0.147489190
6.835924120,0.147457527
6.838302000,0.147478956
6.840726264,0.147427283
6.843169934,0.147449032
6.845609034,0.147538124
6.848013695,0.147555550
6.850433290,0.147501373
6.852850834,0.148830476
6.855289569,0.149184910
6.857697840,0.149542384
6.860196222,0.149902533
6.862612199,0.150024136
6.865072463,0.150001720
6.867484055,0.150056440
6.869915012,0.148779788
6.872342289,0.150003962
6.874763518,0.150059799
6.877173326,0.150025117
6.879599190,0.149985761
6.882006893,0.148750556
6.884439978,0.149947611
6.886880451,0.149993045
6.889274119,0.149980427
6.891701089,0.149907633
6.894125791,0.149875885
6.896539000,0.149909267
6.898959327,0.149911121
6.901468889,0.149999852
6.906972739,0.153153741
6.906985310,0.150724709
6.908656748,0.150010743
6.911079210,0.149890143
6.913499881,0.149949539
6.915921939,0.149943885
6.919336483,0.150990918
6.920765499,0.149998077
6.923194475,0.150045697
6.925617899,0.150035232
6.928037430,0.150035835
6.930451769,0.150019262
6.932881741,0.149803672
6.935390845,0.150087641
6.937727424,0.149984354
6.940148796,0.150066261
6.942569678,0.150058269
6.945014041,0.149921443
6.947414339,0.150085265
6.949836526,0.150025588
6.952258865,0.150075433
6.954682625,0.150068064
6.957105191,0.149948611
6.959527395,0.150070068
6.961951147,0.150059160
6.964372897,0.150058272
6.966794298,0.150059008
6.969217561,0.149986620
6.971639048,0.150052545
6.974062924,0.150044810
6.976485176,0.150091363
6.978909479,0.150067060
6.981335072,0.149908371
6.983753196,0.149927133
6.986185119,0.149973483
6.988596106,0.150070044
6.991019186,0.151404531
6.993443286,0.151785118
6.995864766,0.152102176
6.998286620,0.152346949
7.000709139,0.152433284
7.003133195,0.152484185
7.005553238,0.152442604
7.007972078,0.152437848
7.010457094,0.152535729
7.012821400,0.152370260
7.015334973,0.152480645
7.017667059,0.152327979
7.020089288,0.152322854
7.022510438,0.152266487
7.024932464,0.152234991
7.027387955,0.152308028
7.029778458,0.152297595
7.032198803,0.152305222
7.034623001,0.152315972
7.037044382,0.152304633
7.039468200,0.152297999
7.041888995,0.152306540
7.044321308,0.152308268
7.046736215,0.152356178
7.049156138,0.152327288
7.051578584,0.152346639
7.054003452,0.152245959
7.056426359,0.149141932
7.058848153,0.150522444
7.061346080,0.150963695
7.063768161,0.151293985
7.066190813,0.151654952
7.068613931,0.152007507
7.071033610,0.151347914
7.073459934,0.152464563
7.075882567,0.152455409
7.078302840,0.152454171
7.080727816,0.152431855
7.083151508,0.152432152
7.085572421,0.152422998
7.087992493,0.152357466
7.090417107,0.152442675
7.092833542,0.152437432
7.095335950,0.152503467
7.097676549,0.152394475
7.100097756,0.152434497
7.102542771,0.152466229
7.104938868,0.152456805
7.107374479,0.152320869
7.109787912,0.152452597
7.112209822,0.152410043
7.114632519,0.152424443
7.117153564,0.152534974
7.119453455,0.152407999
7.121876048,0.152429429
7.124305124,0.152091939
7.126725525,0.152389028
7.129147920,0.153784602
7.131579431,0.154140190
7.133993242,0.154431268
7.136414792,0.154812197
7.138838194,0.154769888
7.141258319,0.154779724
7.143709632,0.154703607
7.146120543,0.154776848
7.148543363,0.154781536
7.150972849,0.154812101
7.153386693,0.154800713
7.155815482,0.154803768
7.158232242,0.154694836
7.160648944,0.154695418
7.163081936,0.154753384
7.165500077,0.154694205
7.167912498,0.154704738
7.170345082,0.154685999
7.172774177,0.154670804
7.175213144,0.154771015
7.177615426,0.154748188
7.180037732,0.154770710
7.182455987,0.154708999
7.184887483,0.154795138
7.187323232,0.154751035
7.189724920,0.154778438
7.192133895,0.154784024
7.194580941,0.154741473
7.196995458,0.154750938
7.199439042,0.154771632
7.201837946,0.154742233
7.204255738,0.154731685
7.206689680,0.154846154
7.209101630,0.154839818
7.211512521,0.154830586
7.213930405,0.154802664
7.216357863,0.154734149
7.218791034,0.154738275
7.221199763,0.154742018
7.223676268,0.154791604
7.226040581,0.154670226
7.228469526,0.154735520
7.230908970,0.154770772
7.233321461,0.154753217
7.235734210,0.154701651
7.238152745,0.154716194
7.240595261,0.154751107
7.243021899,0.154767286
7.245443647,0.154783487
7.247844553,0.154766719
7.250266733,0.154664608
7.252689526,0.154697087
7.255119351,0.154804723
7.257538755,0.154761392
7.259981106,0.154866524
7.262413209,0.154873456
7.264973506,0.155012377
7.267322320,0.154895567
7.269723687,0.154839181
7.272158483,0.154791275
7.274583860,0.154945761
7.279075130,0.157011070
7.279448686,0.154860420
7.281865111,0.154796097
7.284288278,0.156137981
7.286706800,0.156472309
7.291916943,0.159629126
7.291926290,0.157523902
7.293986119,0.157262010
7.296386654,0.157249515
7.298829167,0.157234285
7.301223358,0.157178511
7.303654129,0.157249777
7.306070435,0.157230051
7.308494745,0.157084458
7.310920576,0.157212228
7.313408859,0.157288682
7.315761784,0.157279615
7.318173978,0.157270795
7.320597289,0.157076384
7.323115188,0.157258353
7.325439924,0.157166565
7.327882436,0.157256656
7.330292127,0.157258738
7.332708458,0.157225814
7.335150126,0.157271047
7.337560292,0.157243176
7.339990927,0.157182440
7.342397732,0.157215105
7.344832173,0.157263784
7.347261666,0.157215643
7.349670725,0.157301400
7.352091931,0.157182478
7.354522330,0.157223408
7.356944177,0.157172466
7.359370790,0.157155179
7.361788767,0.157198632
7.364200179,0.157258087
7.366644277,0.157317521
7.369044438,0.157307190
7.371470622,0.157314667
7.373887121,0.157302850
7.376329227,0.157295471
7.378734859,0.157215556
7.381155740,0.157211191
7.383576251,0.157287885
7.386004504,0.157309154
7.388426810,0.157261929
7.390849783,0.157271830
7.393272827,0.157304075
7.395695587,0.157256530
7.398117109,0.157276882
7.400539361,0.157269190
7.402980182,0.157275593
7.405392135,0.157311541
7.407817254,0.157328971
7.410247352,0.157325037
7.412651923,0.157241159
7.415086198,0.157301908
7.417501102,0.157227385
7.419922223,0.157256020
7.422340662,0.157110688
7.424764431,0.157178748
7.427200290,0.157228588
7.429612028,0.157228108
7.432032776,0.157167824
7.434461584,0.155113351
7.436870777,0.156441373
7.439303876,0.156785685
7.441734111,0.157115748
7.444144928,0.157403807
7.446564806,0.157766926
7.448984178,0.156804574
7.451429854,0.158173868
7.453872459,0.158537385
7.456252447,0.158838818
7.458678501,0.159154471
7.461100125,0.159502151
7.467336605,0.163407961
7.467348781,0.161020604
7.468384770,0.159613901
7.470894937,0.159637001
7.473310433,0.159634562
7.477380234,0.161265040
7.478166628,0.159682590
7.480587005,0.159697275
7.483006440,0.159601742
7.485426534,0.159660861
7.487878214,0.159651294
7.490268918,0.159680308
7.492694358,0.159630951
7.495165637,0.159615573
7.497578399,0.159685582
7.499975688,0.159708757
7.502384169,0.159616909
7.504806014,0.159538992
7.507229041,0.159492318
7.509649314,0.159579537
7.512080111,0.159610838
7.514494977,0.159607302
7.516919120,0.159684581
7.519398633,0.159720229
7.521760315,0.159600725
7.524182831,0.159683439
7.526613176,0.159641158
7.529036035,0.159710073
7.531449202,0.159650952
7.533873178,0.159668368
7.536295867,0.159668870
7.538716152,0.159638576
7.541142012,0.159670945
7.543561666,0.159682730
7.545986869,0.159681438
7.548406281,0.159711040
7.550833846,0.159712381
7.553253072,0.159759491
7.555677750,0.159733735
7.558098054,0.159761232
7.560519881,0.159752428
7.562942213,0.159727279
7.565366326,0.159745925
7.567786473,0.159685354
7.570208875,0.159628641
7.572631986,0.159650635
7.575052422,0.159627828
7.577474019,0.159659683
7.579900000,0.159631431
7.582319743,0.159661134
7.584741307,0.159692876
7.587166733,0.159710058
7.589588068,0.159707437
7.592010671,0.159663192
7.594433063,0.159626146
7.597153444,0.159926984
7.599320605,0.159521355
7.601692216,0.159613407
7.604114001,0.159693415
7.606536536,0.159670655
7.608957993,0.159677913
7.611384624,0.159625574
7.613804549,0.159633245
7.616226227,0.159695625
7.618635047,0.159685308
7.621049203,0.159651990
7.623470274,0.161035765
7.625894166,0.158068774
7.628314353,0.159428621
7.630736350,0.159743506
7.633160933,0.160111487
7.635582787,0.160455788
7.638005149,0.160261568
7.640428708,0.161144113
7.642848603,0.161501074
7.645272251,0.161734261
7.647694804,0.161816536
7.650117083,0.161813038
7.652546241,0.161879618
7.654962889,0.161810953
7.657395431,0.161767361
7.659809854,0.161847385
7.662233053,0.161826405
7.664656421,0.161718082
7.667089009,0.161791871
7.669497949,0.161782102
7.671921445,0.161837508
7.674422424,0.161842826
7.676872310,0.161867928
7.679382421,0.162005452
7.681707050,0.161867754
7.684135901,0.161907685
7.686552415,0.161887599
7.688975172,0.161929752
7.691398402,0.161904626
7.693819785,0.161914963
7.696243932,0.161876239
7.698659270,0.161854451
7.701088322,0.161894364
7.703515545,0.161895058
7.705929691,0.161926211
7.708353048,0.161940178
7.710776970,0.161880585
7.713217003,0.161911485
7.715630386,0.161903859
7.718041784,0.161896638
7.720463845,0.161962185
7.722885202,0.161982643
7.725311781,0.161893377
7.727728760,0.161926208
7.730153848,0.161892201
7.732577854,0.161899959
7.735000864,0.161906181
7.737420629,0.161916148
7.739841010,0.161944541
7.742300701,0.161968397
7.744679777,0.161908333
7.747105076,0.161927514
7.749525102,0.161898365
7.751948245,0.161931142
7.754374995,0.161896099
7.756790300,0.161916727
7.759212365,0.161790068
7.761628899,0.162042608
7.764053386,0.162118993
7.766473289,0.162099796
7.768909692,0.162104354
7.771328977,0.162094520
7.773741621,0.162057041
7.776171671,0.162064009
7.778592119,0.162069701
7.781028088,0.161989183
7.783436167,0.162096933
7.785853160,0.162123456
7.788288671,0.162173971
7.790720035,0.162159402
7.793131430,0.162135698
7.795559643,0.162099555
7.797970718,0.162097495
7.800401145,0.162101270
7.802810606,0.162071386
7.805231652,0.162083112
7.807663651,0.162136281
7.810077305,0.162086280
7.812505989,0.162088867
7.814966775,0.162125984
7.817349460,0.162067383
7.819768825,0.162062498
7.822189038,0.162031829
7.824617067,0.162107491
7.827034210,0.162108515
7.829454807,0.162093804
7.831886715,0.162109302
7.834301181,0.162110143
7.838146368,0.163419658
7.839165958,0.162009278
7.841579839,0.161893299
7.843992083,0.161993950
7.846418720,0.161994740
7.848833355,0.162008916
7.852730189,0.163466260
7.853688782,0.161991196
7.856111171,0.162043247
7.858533169,0.162023385
7.860961188,0.162046920
7.863370869,0.162027158
7.865791507,0.161969547
7.868223185,0.162011041
7.870638443,0.161995558
7.873217342,0.162156826
7.875575320,0.162061430
7.877996144,0.162067203
7.880412312,0.162084069
7.882834993,0.162073087
7.885255070,0.162085765
7.887695787,0.162120156
7.890097184,0.163417209
7.892525832,0.163747592
7.894950028,0.164065017
7.897398728,0.164390305
7.899795163,0.164503321
7.902220369,0.164518366
7.904647573,0.164464888
7.907068308,0.164472383
7.909473112,0.164438685
7.911900937,0.164378044
7.914319705,0.164362784
7.916748352,0.164404152
7.919183458,0.164451221
7.921586152,0.164345137
7.924036269,0.164383631
7.926436132,0.164368193
7.928853532,0.164393168
7.931318780,0.164461079
7.933703206,0.164393260
7.936131679,0.164352034
7.938551270,0.164340275
7.940980888,0.164355651
7.943400595,0.164327673
7.945816864,0.164316973
7.948258643,0.164359707
7.950678014,0.164350351
7.953094602,0.164300067
7.955523774,0.164325784
7.957946149,0.164370934
7.960351376,0.164321416
7.962792583,0.164411866
7.965202692,0.164342948
7.967627948,0.164345260
7.970044626,0.164351673
7.972473377,0.164347954
7.974891719,0.164375294
7.977338604,0.164377633
7.979724427,0.164300314
7.982143288,0.164327769
7.984567260,0.164310142
7.986995751,0.164359610
7.989417149,0.164366335
7.991833878,0.164399714
7.994266769,0.164335310
7.996677299,0.164329081
7.999101856,0.164315344
8.001529695,0.162914451
8.003947265,0.164218959
8.006380286,0.164376424
8.008800797,0.164386162
8.011227737,0.164054792
8.013640953,0.164322342
8.016062406,0.162855144
8.018501309,0.164196427
8.020919043,0.164350407
8.023343048,0.164368320
8.027334915,0.166090189
8.031382428,0.167661297
8.031392874,0.165225202
8.033058226,0.164518735
8.035463012,0.164528421
8.039336077,0.165739235
8.040313364,0.164397874
8.042734822,0.164434382
8.045168787,0.164483718
8.047579413,0.164462615
8.050001992,0.164390955
8.052420619,0.164460751
8.054845049,0.164244774
8.057306751,0.164426260
8.059687939,0.164423410
8.062115701,0.164475258
8.064546643,0.164495004
8.066974368,0.164508060
8.069401783,0.164488753
8.071803772,0.164483029
8.074231025,0.164536035
8.076725484,0.164455030
8.079149407,0.164448889
8.081571812,0.164449182
8.084009435,0.164558668
8.086417238,0.164620125
8.088838137,0.164561953
8.091342330,0.164680845
8.093685924,0.164569871
8.096107124,0.164479023
8.098575269,0.164626265
8.100949860,0.164563333
8.103396237,0.164578172
8.105795002,0.164512676
8.108214828,0.164497318
8.110644858,0.164571844
8.113069663,0.164553914
8.115485489,0.164504352
8.117908188,0.164575814
8.120332208,0.164536264
8.122755843,0.164558709
8.125275042,0.164678980
8.127600343,0.164525678
8.130118379,0.164691400
8.132455893,0.164530249
8.134869962,0.164597832
8.137289884,0.164589811
8.139708988,0.164589431
8.142130338,0.164558244
8.144552406,0.164559303
8.146980629,0.164583784
8.149396114,0.164554301
8.151820986,0.164535980
8.154243558,0.164597008
8.156665546,0.164550465
8.159088196,0.164573178
8.161510213,0.164570428
8.163931215,0.164563571
8.166354837,0.164528606
8.168777225,0.164589052
8.171200249,0.164615117
8.173622958,0.164571740
8.176043098,0.164532173
8.178463425,0.164564399
8.180888677,0.164590523
8.183392148,0.164634738
8.185826667,0.164637165
8.188155236,0.165897471
8.190578443,0.166220266
8.193002007,0.165275760
8.195420140,0.163513099
8.197846745,0.164803826
8.200268014,0.165201518
8.202691181,0.165562562
8.205108371,0.165411863
8.207535411,0.166240735
8.209957345,0.166527034
8.212375236,0.166892793
8.214797171,0.166864782
8.217225467,0.166840573
8.219645798,0.166863506
8.222225052,0.167056046
8.224482290,0.166884034
8.226904812,0.166913844
8.229329780,0.166891181
8.231752199,0.166865780
8.234173137,0.166854358
8.236596266,0.166823153
8.239015910,0.166824447
8.241439354,0.166863858
8.243838514,0.166797523
8.246273060,0.166800220
8.248690904,0.166768128
8.251110192,0.166761231
8.253531801,0.166790595
8.255954588,0.166827162
8.258376232,0.166712785
8.260800549,0.166827554
8.263221645,0.166832620
8.265670347,0.166742420
8.268078622,0.166811951
8.270511622,0.166463924
8.272920605,0.166820967
8.275343258,0.166804854
8.277862154,0.166852364
8.280281846,0.166981290
8.282699255,0.166956756
8.285112558,0.166944288
8.287536344,0.166933938
8.289957189,0.166863435
8.292380060,0.166864645
8.294800469,0.166879349
8.297223346,0.166810168
8.299653126,0.166909424
8.302077082,0.166949112
8.304491688,0.166950257
8.306921258,0.166890210
8.309348027,0.166953368
8.311765193,0.166804497
8.314182406,0.166894186
8.316613329,0.166945242
8.319026127,0.166932477
8.321448904,0.166928808
8.323867035,0.166920042
8.326293047,0.166889652
8.328714885,0.166896764
8.331147892,0.166916819
8.333563046,0.166922633
8.335982188,0.166916449
8.338391822,0.166923777
8.340836945,0.166959383
8.343263405,0.166926910
8.345675969,0.166908976
8.348093683,0.166936013
8.350520078,0.166847492
8.352939015,0.166821702
8.355364260,0.166969182
8.357787949,0.166988795
8.360215888,0.167008459
8.362629923,0.166960539
8.365040961,0.166980588
8.367504099,0.167016168
8.369890767,0.166885792
8.372318923,0.166972288
8.374729373,0.166955012
8.377152179,0.166940978
8.379576172,0.166921634
8.381996799,0.166910226
8.384419592,0.166902203
8.386841193,0.166912762
8.389262866,0.166802495
8.391689602,0.167026240
8.394109702,0.167000246
8.396530126,0.166989344
8.400194677,0.168238220
8.401381195,0.167004170
8.403805679,0.166998058
8.406225792,0.167009138
8.408640833,0.167002876
8.411079017,0.167063777
8.414783325,0.168305633
8.415926247,0.166994405
8.418332199,0.166981036
8.420757448,0.166952793
8.423195124,0.166954401
8.425600645,0.166985731
8.428024239,0.166962346
8.430516469,0.167021979
8.432875606,0.166913664
8.435293401,0.166943013
8.437709935,0.167002579
8.440134967,0.166953619
8.442584285,0.166988768
8.445000672,0.166931728
8.447418841,0.166933362
8.449822711,0.166899393
8.452249380,0.166820740
8.454668695,0.166867104
8.457090683,0.166854479
8.459537468,0.166891914
8.461935767,0.166917205
8.464361962,0.166920906
8.466806596,0.166856678
8.469204040,0.166875839
8.471635283,0.166890334
8.474047875,0.166861219
8.476475088,0.166918092
8.479002424,0.166987726
8.481393753,0.166918853
8.483830694,0.166847030
8.486238615,0.166886248
8.488688535,0.166933620
8.491099251,0.166903252
8.493506787,0.166913548
8.495930662,0.166940761
8.498369114,0.166971539
8.500776245,0.166956172
8.503304001,0.167077458
8.505640350,0.166937536
8.508047337,0.166902593
8.510472159,0.166883203
8.512889125,0.167012587
8.515319449,0.166972168
8.517737227,0.167008511
8.520175882,0.167010332
8.522593866,0.166959774
8.524999882,0.168301467
8.527455077,0.168670274
8.529865300,0.168970838
8.532279204,0.169260204
8.534763928,0.169416139
8.537118425,0.169278914
8.539537823,0.169249217
8.541950645,0.169253769
8.544392173,0.169327599
8.546837919,0.169359845
8.549248632,0.169407721
8.551676170,0.169376308
8.554087582,0.169282147
8.556525232,0.169300831
8.558934505,0.169231053
8.561327956,0.169175823
8.563774464,0.169261493
8.566180326,0.169387332
8.568599704,0.167992212
8.571044912,0.168684673
8.581913748,0.178097590
8.582327620,0.000413872
